0	38.95491315	-77.14905835	292.5190393	12
1	38.95492805	-77.14917438	292.5190393	12
2	38.95496458	-77.14927857	318.5450762	12
3	38.95499369	-77.14938782	310.7018362	12
4	38.95503831	-77.14948691	325.4827872	12
5	38.95507404	-77.14959716	316.3069109	12
6	38.9551022	-77.14970694	309.638677	12
7	38.95514046	-77.14980719	320.9507678	12
8	38.95518259	-77.14990841	323.3643069	12
9	38.9552319	-77.15000809	327.9640126	12
10	38.95528554	-77.15009709	332.8222367	12
11	38.9553483	-77.15017507	338.9731375	12
12	38.95541888	-77.15025954	339.6862868	12
13	38.95548729	-77.1503265	343.1565159	12
14	38.95556612	-77.15039318	345.3455325	12
15	38.95563971	-77.15045763	344.8514213	12
16	38.95570875	-77.15051728	345.0511145	12
17	38.95576343	-77.15061599	330.8437681	12
18	38.95580156	-77.15072083	319.6505158	12
19	38.95582808	-77.15083422	307.1376413	12
20	38.95583394	-77.15094992	279.2997658	12
21	38.95583112	-77.15106404	265.4312259	12
22	38.95582572	-77.15118035	261.4638607	12
23	38.95580004	-77.15128331	231.0924677	12
24	38.95574788	-77.15137939	209.6463101	12
25	38.95570711	-77.15127873	142.6509228	12
26	38.95576682	-77.15119553	23.29819372	12
27	38.95579529	-77.15108436	50.34348745	12
28	38.95580222	-77.15096323	79.49935699	12
29	38.9557983	-77.15084579	96.15850165	12
30	38.95577099	-77.15073534	128.6720869	12
31	38.95572856	-77.15063406	143.5809396	12
32	38.95567518	-77.15055041	154.1569259	12
33	38.95560321	-77.15048023	163.2229605	12
34	38.95552675	-77.15041763	165.7928921	12
35	38.95544858	-77.15035164	165.3656472	12
36	38.95537709	-77.1502833	163.5244256	12
37	38.95531309	-77.15020029	158.1325671	12
38	38.95525384	-77.15011047	154.8644887	12
39	38.95520585	-77.15001322	147.9022905	12
40	38.95515794	-77.14991701	148.1278003	12
41	38.95511297	-77.14981828	145.7940229	12
42	38.95507795	-77.14971353	137.1959765	12
43	38.95505154	-77.14960111	127.1776475	12
44	38.95502034	-77.14949277	132.9120479	12
45	38.95496785	-77.14939688	150.4986161	12
46	38.95493776	-77.14928879	131.9449872	12
47	38.95489964	-77.14918458	139.7340654	12
48	38.95488096	-77.14907244	118.2592443	12
49	38.954911	-77.14896868	46.93387566	12
50	38.95491315	-77.14905835	292.5190393	10
51	38.95492805	-77.14917438	292.5190393	10
52	38.95496458	-77.14927857	318.5450762	10
53	38.95499369	-77.14938782	310.7018362	10
54	38.95503831	-77.14948691	325.4827872	10
55	38.95507404	-77.14959716	316.3069109	10
56	38.9551022	-77.14970694	309.638677	10
57	38.95514046	-77.14980719	320.9507678	10
58	38.95518259	-77.14990841	323.3643069	10
59	38.9552319	-77.15000809	327.9640126	10
60	38.95528554	-77.15009709	332.8222367	10
61	38.9553483	-77.15017507	338.9731375	10
62	38.95541888	-77.15025954	339.6862868	10
63	38.95548729	-77.1503265	343.1565159	10
64	38.95556612	-77.15039318	345.3455325	10
65	38.95563971	-77.15045763	344.8514213	10
66	38.95570875	-77.15051728	345.0511145	10
67	38.95576343	-77.15061599	330.8437681	10
68	38.95580156	-77.15072083	319.6505158	10
69	38.95582808	-77.15083422	307.1376413	10
70	38.95583394	-77.15094992	279.2997658	10
71	38.95583112	-77.15106404	265.4312259	10
72	38.95582572	-77.15118035	261.4638607	10
73	38.95580004	-77.15128331	231.0924677	10
74	38.95574788	-77.15137939	209.6463101	10
75	38.95570711	-77.15127873	142.6509228	10
76	38.95576682	-77.15119553	23.29819372	10
77	38.95579529	-77.15108436	50.34348745	10
78	38.95580222	-77.15096323	79.49935699	10
79	38.9557983	-77.15084579	96.15850165	10
80	38.95577099	-77.15073534	128.6720869	10
81	38.95572856	-77.15063406	143.5809396	10
82	38.95567518	-77.15055041	154.1569259	10
83	38.95560321	-77.15048023	163.2229605	10
84	38.95552675	-77.15041763	165.7928921	10
85	38.95544858	-77.15035164	165.3656472	10
86	38.95537709	-77.1502833	163.5244256	10
87	38.95531309	-77.15020029	158.1325671	10
88	38.95525384	-77.15011047	154.8644887	10
89	38.95520585	-77.15001322	147.9022905	10
90	38.95515794	-77.14991701	148.1278003	10
91	38.95511297	-77.14981828	145.7940229	10
92	38.95507795	-77.14971353	137.1959765	10
93	38.95505154	-77.14960111	127.1776475	10
94	38.95502034	-77.14949277	132.9120479	10
95	38.95496785	-77.14939688	150.4986161	10
96	38.95493776	-77.14928879	131.9449872	10
97	38.95489964	-77.14918458	139.7340654	10
98	38.95488096	-77.14907244	118.2592443	10
99	38.954911	-77.14896868	46.93387566	10
100	38.95491315	-77.14905835	292.5190393	12
101	38.95492805	-77.14917438	292.5190393	12
102	38.95496458	-77.14927857	318.5450762	12
103	38.95499369	-77.14938782	310.7018362	12
104	38.95503831	-77.14948691	325.4827872	12
105	38.95507404	-77.14959716	316.3069109	12
106	38.9551022	-77.14970694	309.638677	12
107	38.95514046	-77.14980719	320.9507678	12
108	38.95518259	-77.14990841	323.3643069	12
109	38.9552319	-77.15000809	327.9640126	12
110	38.95528554	-77.15009709	332.8222367	12
111	38.9553483	-77.15017507	338.9731375	12
112	38.95541888	-77.15025954	339.6862868	12
113	38.95548729	-77.1503265	343.1565159	12
114	38.95556612	-77.15039318	345.3455325	12
115	38.95563971	-77.15045763	344.8514213	12
116	38.95570875	-77.15051728	345.0511145	12
117	38.95576343	-77.15061599	330.8437681	12
118	38.95580156	-77.15072083	319.6505158	12
119	38.95582808	-77.15083422	307.1376413	12
120	38.95583394	-77.15094992	279.2997658	12
121	38.95583112	-77.15106404	265.4312259	12
122	38.95582572	-77.15118035	261.4638607	12
123	38.95580004	-77.15128331	231.0924677	12
124	38.95574788	-77.15137939	209.6463101	12
125	38.95570711	-77.15127873	142.6509228	12
126	38.95576682	-77.15119553	23.29819372	12
127	38.95579529	-77.15108436	50.34348745	12
128	38.95580222	-77.15096323	79.49935699	12
129	38.9557983	-77.15084579	96.15850165	12
130	38.95577099	-77.15073534	128.6720869	12
131	38.95572856	-77.15063406	143.5809396	12
132	38.95567518	-77.15055041	154.1569259	12
133	38.95560321	-77.15048023	163.2229605	12
134	38.95552675	-77.15041763	165.7928921	12
135	38.95544858	-77.15035164	165.3656472	12
136	38.95537709	-77.1502833	163.5244256	12
137	38.95531309	-77.15020029	158.1325671	12
138	38.95525384	-77.15011047	154.8644887	12
139	38.95520585	-77.15001322	147.9022905	12
140	38.95515794	-77.14991701	148.1278003	12
141	38.95511297	-77.14981828	145.7940229	12
142	38.95507795	-77.14971353	137.1959765	12
143	38.95505154	-77.14960111	127.1776475	12
144	38.95502034	-77.14949277	132.9120479	12
145	38.95496785	-77.14939688	150.4986161	12
146	38.95493776	-77.14928879	131.9449872	12
147	38.95489964	-77.14918458	139.7340654	12
148	38.95488096	-77.14907244	118.2592443	12
149	38.954911	-77.14896868	46.93387566	12
150	38.95491315	-77.14905835	292.5190393	10
151	38.95492805	-77.14917438	292.5190393	10
152	38.95496458	-77.14927857	318.5450762	10
153	38.95499369	-77.14938782	310.7018362	10
154	38.95503831	-77.14948691	325.4827872	10
155	38.95507404	-77.14959716	316.3069109	10
156	38.9551022	-77.14970694	309.638677	10
157	38.95514046	-77.14980719	320.9507678	10
158	38.95518259	-77.14990841	323.3643069	10
159	38.9552319	-77.15000809	327.9640126	10
160	38.95528554	-77.15009709	332.8222367	10
161	38.9553483	-77.15017507	338.9731375	10
162	38.95541888	-77.15025954	339.6862868	10
163	38.95548729	-77.1503265	343.1565159	10
164	38.95556612	-77.15039318	345.3455325	10
165	38.95563971	-77.15045763	344.8514213	10
166	38.95570875	-77.15051728	345.0511145	10
167	38.95576343	-77.15061599	330.8437681	10
168	38.95580156	-77.15072083	319.6505158	10
169	38.95582808	-77.15083422	307.1376413	10
170	38.95583394	-77.15094992	279.2997658	10
171	38.95583112	-77.15106404	265.4312259	10
172	38.95582572	-77.15118035	261.4638607	10
173	38.95580004	-77.15128331	231.0924677	10
174	38.95574788	-77.15137939	209.6463101	10
175	38.95570711	-77.15127873	142.6509228	10
176	38.95576682	-77.15119553	23.29819372	10
177	38.95579529	-77.15108436	50.34348745	10
178	38.95580222	-77.15096323	79.49935699	10
179	38.9557983	-77.15084579	96.15850165	10
180	38.95577099	-77.15073534	128.6720869	10
181	38.95572856	-77.15063406	143.5809396	10
182	38.95567518	-77.15055041	154.1569259	10
183	38.95560321	-77.15048023	163.2229605	10
184	38.95552675	-77.15041763	165.7928921	10
185	38.95544858	-77.15035164	165.3656472	10
186	38.95537709	-77.1502833	163.5244256	10
187	38.95531309	-77.15020029	158.1325671	10
188	38.95525384	-77.15011047	154.8644887	10
189	38.95520585	-77.15001322	147.9022905	10
190	38.95515794	-77.14991701	148.1278003	10
191	38.95511297	-77.14981828	145.7940229	10
192	38.95507795	-77.14971353	137.1959765	10
193	38.95505154	-77.14960111	127.1776475	10
194	38.95502034	-77.14949277	132.9120479	10
195	38.95496785	-77.14939688	150.4986161	10
196	38.95493776	-77.14928879	131.9449872	10
197	38.95489964	-77.14918458	139.7340654	10
198	38.95488096	-77.14907244	118.2592443	10
199	38.954911	-77.14896868	46.93387566	10
200	38.95491315	-77.14905835	292.5190393	12
201	38.95492805	-77.14917438	292.5190393	12
202	38.95496458	-77.14927857	318.5450762	12
203	38.95499369	-77.14938782	310.7018362	12
204	38.95503831	-77.14948691	325.4827872	12
205	38.95507404	-77.14959716	316.3069109	12
206	38.9551022	-77.14970694	309.638677	12
207	38.95514046	-77.14980719	320.9507678	12
208	38.95518259	-77.14990841	323.3643069	12
209	38.9552319	-77.15000809	327.9640126	12
210	38.95528554	-77.15009709	332.8222367	12
211	38.9553483	-77.15017507	338.9731375	12
212	38.95541888	-77.15025954	339.6862868	12
213	38.95548729	-77.1503265	343.1565159	12
214	38.95556612	-77.15039318	345.3455325	12
215	38.95563971	-77.15045763	344.8514213	12
216	38.95570875	-77.15051728	345.0511145	12
217	38.95576343	-77.15061599	330.8437681	12
218	38.95580156	-77.15072083	319.6505158	12
219	38.95582808	-77.15083422	307.1376413	12
220	38.95583394	-77.15094992	279.2997658	12
221	38.95583112	-77.15106404	265.4312259	12
222	38.95582572	-77.15118035	261.4638607	12
223	38.95580004	-77.15128331	231.0924677	12
224	38.95574788	-77.15137939	209.6463101	12
225	38.95570711	-77.15127873	142.6509228	12
226	38.95576682	-77.15119553	23.29819372	12
227	38.95579529	-77.15108436	50.34348745	12
228	38.95580222	-77.15096323	79.49935699	12
229	38.9557983	-77.15084579	96.15850165	12
230	38.95577099	-77.15073534	128.6720869	12
231	38.95572856	-77.15063406	143.5809396	12
232	38.95567518	-77.15055041	154.1569259	12
233	38.95560321	-77.15048023	163.2229605	12
234	38.95552675	-77.15041763	165.7928921	12
235	38.95544858	-77.15035164	165.3656472	12
236	38.95537709	-77.1502833	163.5244256	12
237	38.95531309	-77.15020029	158.1325671	12
238	38.95525384	-77.15011047	154.8644887	12
239	38.95520585	-77.15001322	147.9022905	12
240	38.95515794	-77.14991701	148.1278003	12
241	38.95511297	-77.14981828	145.7940229	12
242	38.95507795	-77.14971353	137.1959765	12
243	38.95505154	-77.14960111	127.1776475	12
244	38.95502034	-77.14949277	132.9120479	12
245	38.95496785	-77.14939688	150.4986161	12
246	38.95493776	-77.14928879	131.9449872	12
247	38.95489964	-77.14918458	139.7340654	12
248	38.95488096	-77.14907244	118.2592443	12
249	38.954911	-77.14896868	46.93387566	12
250	38.95491315	-77.14905835	292.5190393	10
251	38.95492805	-77.14917438	292.5190393	10
252	38.95496458	-77.14927857	318.5450762	10
253	38.95499369	-77.14938782	310.7018362	10
254	38.95503831	-77.14948691	325.4827872	10
255	38.95507404	-77.14959716	316.3069109	10
256	38.9551022	-77.14970694	309.638677	10
257	38.95514046	-77.14980719	320.9507678	10
258	38.95518259	-77.14990841	323.3643069	10
259	38.9552319	-77.15000809	327.9640126	10
260	38.95528554	-77.15009709	332.8222367	10
261	38.9553483	-77.15017507	338.9731375	10
262	38.95541888	-77.15025954	339.6862868	10
263	38.95548729	-77.1503265	343.1565159	10
264	38.95556612	-77.15039318	345.3455325	10
265	38.95563971	-77.15045763	344.8514213	10
266	38.95570875	-77.15051728	345.0511145	10
267	38.95576343	-77.15061599	330.8437681	10
268	38.95580156	-77.15072083	319.6505158	10
269	38.95582808	-77.15083422	307.1376413	10
270	38.95583394	-77.15094992	279.2997658	10
271	38.95583112	-77.15106404	265.4312259	10
272	38.95582572	-77.15118035	261.4638607	10
273	38.95580004	-77.15128331	231.0924677	10
274	38.95574788	-77.15137939	209.6463101	10
275	38.95570711	-77.15127873	142.6509228	10
276	38.95576682	-77.15119553	23.29819372	10
277	38.95579529	-77.15108436	50.34348745	10
278	38.95580222	-77.15096323	79.49935699	10
279	38.9557983	-77.15084579	96.15850165	10
280	38.95577099	-77.15073534	128.6720869	10
281	38.95572856	-77.15063406	143.5809396	10
282	38.95567518	-77.15055041	154.1569259	10
283	38.95560321	-77.15048023	163.2229605	10
284	38.95552675	-77.15041763	165.7928921	10
285	38.95544858	-77.15035164	165.3656472	10
286	38.95537709	-77.1502833	163.5244256	10
287	38.95531309	-77.15020029	158.1325671	10
288	38.95525384	-77.15011047	154.8644887	10
289	38.95520585	-77.15001322	147.9022905	10
290	38.95515794	-77.14991701	148.1278003	10
291	38.95511297	-77.14981828	145.7940229	10
292	38.95507795	-77.14971353	137.1959765	10
293	38.95505154	-77.14960111	127.1776475	10
294	38.95502034	-77.14949277	132.9120479	10
295	38.95496785	-77.14939688	150.4986161	10
296	38.95493776	-77.14928879	131.9449872	10
297	38.95489964	-77.14918458	139.7340654	10
298	38.95488096	-77.14907244	118.2592443	10
299	38.954911	-77.14896868	46.93387566	10
300	38.95491315	-77.14905835	292.5190393	12
301	38.95492805	-77.14917438	292.5190393	12
302	38.95496458	-77.14927857	318.5450762	12
303	38.95499369	-77.14938782	310.7018362	12
304	38.95503831	-77.14948691	325.4827872	12
305	38.95507404	-77.14959716	316.3069109	12
306	38.9551022	-77.14970694	309.638677	12
307	38.95514046	-77.14980719	320.9507678	12
308	38.95518259	-77.14990841	323.3643069	12
309	38.9552319	-77.15000809	327.9640126	12
310	38.95528554	-77.15009709	332.8222367	12
311	38.9553483	-77.15017507	338.9731375	12
312	38.95541888	-77.15025954	339.6862868	12
313	38.95548729	-77.1503265	343.1565159	12
314	38.95556612	-77.15039318	345.3455325	12
315	38.95563971	-77.15045763	344.8514213	12
316	38.95570875	-77.15051728	345.0511145	12
317	38.95576343	-77.15061599	330.8437681	12
318	38.95580156	-77.15072083	319.6505158	12
319	38.95582808	-77.15083422	307.1376413	12
320	38.95583394	-77.15094992	279.2997658	12
321	38.95583112	-77.15106404	265.4312259	12
322	38.95582572	-77.15118035	261.4638607	12
323	38.95580004	-77.15128331	231.0924677	12
324	38.95574788	-77.15137939	209.6463101	12
325	38.95570711	-77.15127873	142.6509228	12
326	38.95576682	-77.15119553	23.29819372	12
327	38.95579529	-77.15108436	50.34348745	12
328	38.95580222	-77.15096323	79.49935699	12
329	38.9557983	-77.15084579	96.15850165	12
330	38.95577099	-77.15073534	128.6720869	12
331	38.95572856	-77.15063406	143.5809396	12
332	38.95567518	-77.15055041	154.1569259	12
333	38.95560321	-77.15048023	163.2229605	12
334	38.95552675	-77.15041763	165.7928921	12
335	38.95544858	-77.15035164	165.3656472	12
336	38.95537709	-77.1502833	163.5244256	12
337	38.95531309	-77.15020029	158.1325671	12
338	38.95525384	-77.15011047	154.8644887	12
339	38.95520585	-77.15001322	147.9022905	12
340	38.95515794	-77.14991701	148.1278003	12
341	38.95511297	-77.14981828	145.7940229	12
342	38.95507795	-77.14971353	137.1959765	12
343	38.95505154	-77.14960111	127.1776475	12
344	38.95502034	-77.14949277	132.9120479	12
345	38.95496785	-77.14939688	150.4986161	12
346	38.95493776	-77.14928879	131.9449872	12
347	38.95489964	-77.14918458	139.7340654	12
348	38.95488096	-77.14907244	118.2592443	12
349	38.954911	-77.14896868	46.93387566	12
350	38.95491315	-77.14905835	292.5190393	10
351	38.95492805	-77.14917438	292.5190393	10
352	38.95496458	-77.14927857	318.5450762	10
353	38.95499369	-77.14938782	310.7018362	10
354	38.95503831	-77.14948691	325.4827872	10
355	38.95507404	-77.14959716	316.3069109	10
356	38.9551022	-77.14970694	309.638677	10
357	38.95514046	-77.14980719	320.9507678	10
358	38.95518259	-77.14990841	323.3643069	10
359	38.9552319	-77.15000809	327.9640126	10
360	38.95528554	-77.15009709	332.8222367	10
361	38.9553483	-77.15017507	338.9731375	10
362	38.95541888	-77.15025954	339.6862868	10
363	38.95548729	-77.1503265	343.1565159	10
364	38.95556612	-77.15039318	345.3455325	10
365	38.95563971	-77.15045763	344.8514213	10
366	38.95570875	-77.15051728	345.0511145	10
367	38.95576343	-77.15061599	330.8437681	10
368	38.95580156	-77.15072083	319.6505158	10
369	38.95582808	-77.15083422	307.1376413	10
370	38.95583394	-77.15094992	279.2997658	10
371	38.95583112	-77.15106404	265.4312259	10
372	38.95582572	-77.15118035	261.4638607	10
373	38.95580004	-77.15128331	231.0924677	10
374	38.95574788	-77.15137939	209.6463101	10
375	38.95570711	-77.15127873	142.6509228	10
376	38.95576682	-77.15119553	23.29819372	10
377	38.95579529	-77.15108436	50.34348745	10
378	38.95580222	-77.15096323	79.49935699	10
379	38.9557983	-77.15084579	96.15850165	10
380	38.95577099	-77.15073534	128.6720869	10
381	38.95572856	-77.15063406	143.5809396	10
382	38.95567518	-77.15055041	154.1569259	10
383	38.95560321	-77.15048023	163.2229605	10
384	38.95552675	-77.15041763	165.7928921	10
385	38.95544858	-77.15035164	165.3656472	10
386	38.95537709	-77.1502833	163.5244256	10
387	38.95531309	-77.15020029	158.1325671	10
388	38.95525384	-77.15011047	154.8644887	10
389	38.95520585	-77.15001322	147.9022905	10
390	38.95515794	-77.14991701	148.1278003	10
391	38.95511297	-77.14981828	145.7940229	10
392	38.95507795	-77.14971353	137.1959765	10
393	38.95505154	-77.14960111	127.1776475	10
394	38.95502034	-77.14949277	132.9120479	10
395	38.95496785	-77.14939688	150.4986161	10
396	38.95493776	-77.14928879	131.9449872	10
397	38.95489964	-77.14918458	139.7340654	10
398	38.95488096	-77.14907244	118.2592443	10
399	38.954911	-77.14896868	46.93387566	10
400	38.95491315	-77.14905835	292.5190393	12
401	38.95492805	-77.14917438	292.5190393	12
402	38.95496458	-77.14927857	318.5450762	12
403	38.95499369	-77.14938782	310.7018362	12
404	38.95503831	-77.14948691	325.4827872	12
405	38.95507404	-77.14959716	316.3069109	12
406	38.9551022	-77.14970694	309.638677	12
407	38.95514046	-77.14980719	320.9507678	12
408	38.95518259	-77.14990841	323.3643069	12
409	38.9552319	-77.15000809	327.9640126	12
410	38.95528554	-77.15009709	332.8222367	12
411	38.9553483	-77.15017507	338.9731375	12
412	38.95541888	-77.15025954	339.6862868	12
413	38.95548729	-77.1503265	343.1565159	12
414	38.95556612	-77.15039318	345.3455325	12
415	38.95563971	-77.15045763	344.8514213	12
416	38.95570875	-77.15051728	345.0511145	12
417	38.95576343	-77.15061599	330.8437681	12
418	38.95580156	-77.15072083	319.6505158	12
419	38.95582808	-77.15083422	307.1376413	12
420	38.95583394	-77.15094992	279.2997658	12
421	38.95583112	-77.15106404	265.4312259	12
422	38.95582572	-77.15118035	261.4638607	12
423	38.95580004	-77.15128331	231.0924677	12
424	38.95574788	-77.15137939	209.6463101	12
425	38.95570711	-77.15127873	142.6509228	12
426	38.95576682	-77.15119553	23.29819372	12
427	38.95579529	-77.15108436	50.34348745	12
428	38.95580222	-77.15096323	79.49935699	12
429	38.9557983	-77.15084579	96.15850165	12
430	38.95577099	-77.15073534	128.6720869	12
431	38.95572856	-77.15063406	143.5809396	12
432	38.95567518	-77.15055041	154.1569259	12
433	38.95560321	-77.15048023	163.2229605	12
434	38.95552675	-77.15041763	165.7928921	12
435	38.95544858	-77.15035164	165.3656472	12
436	38.95537709	-77.1502833	163.5244256	12
437	38.95531309	-77.15020029	158.1325671	12
438	38.95525384	-77.15011047	154.8644887	12
439	38.95520585	-77.15001322	147.9022905	12
440	38.95515794	-77.14991701	148.1278003	12
441	38.95511297	-77.14981828	145.7940229	12
442	38.95507795	-77.14971353	137.1959765	12
443	38.95505154	-77.14960111	127.1776475	12
444	38.95502034	-77.14949277	132.9120479	12
445	38.95496785	-77.14939688	150.4986161	12
446	38.95493776	-77.14928879	131.9449872	12
447	38.95489964	-77.14918458	139.7340654	12
448	38.95488096	-77.14907244	118.2592443	12
449	38.954911	-77.14896868	46.93387566	12
450	38.95491315	-77.14905835	292.5190393	10
451	38.95492805	-77.14917438	292.5190393	10
452	38.95496458	-77.14927857	318.5450762	10
453	38.95499369	-77.14938782	310.7018362	10
454	38.95503831	-77.14948691	325.4827872	10
455	38.95507404	-77.14959716	316.3069109	10
456	38.9551022	-77.14970694	309.638677	10
457	38.95514046	-77.14980719	320.9507678	10
458	38.95518259	-77.14990841	323.3643069	10
459	38.9552319	-77.15000809	327.9640126	10
460	38.95528554	-77.15009709	332.8222367	10
461	38.9553483	-77.15017507	338.9731375	10
462	38.95541888	-77.15025954	339.6862868	10
463	38.95548729	-77.1503265	343.1565159	10
464	38.95556612	-77.15039318	345.3455325	10
465	38.95563971	-77.15045763	344.8514213	10
466	38.95570875	-77.15051728	345.0511145	10
467	38.95576343	-77.15061599	330.8437681	10
468	38.95580156	-77.15072083	319.6505158	10
469	38.95582808	-77.15083422	307.1376413	10
470	38.95583394	-77.15094992	279.2997658	10
471	38.95583112	-77.15106404	265.4312259	10
472	38.95582572	-77.15118035	261.4638607	10
473	38.95580004	-77.15128331	231.0924677	10
474	38.95574788	-77.15137939	209.6463101	10
475	38.95570711	-77.15127873	142.6509228	10
476	38.95576682	-77.15119553	23.29819372	10
477	38.95579529	-77.15108436	50.34348745	10
478	38.95580222	-77.15096323	79.49935699	10
479	38.9557983	-77.15084579	96.15850165	10
480	38.95577099	-77.15073534	128.6720869	10
481	38.95572856	-77.15063406	143.5809396	10
482	38.95567518	-77.15055041	154.1569259	10
483	38.95560321	-77.15048023	163.2229605	10
484	38.95552675	-77.15041763	165.7928921	10
485	38.95544858	-77.15035164	165.3656472	10
486	38.95537709	-77.1502833	163.5244256	10
487	38.95531309	-77.15020029	158.1325671	10
488	38.95525384	-77.15011047	154.8644887	10
489	38.95520585	-77.15001322	147.9022905	10
490	38.95515794	-77.14991701	148.1278003	10
491	38.95511297	-77.14981828	145.7940229	10
492	38.95507795	-77.14971353	137.1959765	10
493	38.95505154	-77.14960111	127.1776475	10
494	38.95502034	-77.14949277	132.9120479	10
495	38.95496785	-77.14939688	150.4986161	10
496	38.95493776	-77.14928879	131.9449872	10
497	38.95489964	-77.14918458	139.7340654	10
498	38.95488096	-77.14907244	118.2592443	10
499	38.954911	-77.14896868	46.93387566	10
500	38.95491315	-77.14905835	292.5190393	12
501	38.95492805	-77.14917438	292.5190393	12
502	38.95496458	-77.14927857	318.5450762	12
503	38.95499369	-77.14938782	310.7018362	12
504	38.95503831	-77.14948691	325.4827872	12
505	38.95507404	-77.14959716	316.3069109	12
506	38.9551022	-77.14970694	309.638677	12
507	38.95514046	-77.14980719	320.9507678	12
508	38.95518259	-77.14990841	323.3643069	12
509	38.9552319	-77.15000809	327.9640126	12
510	38.95528554	-77.15009709	332.8222367	12
511	38.9553483	-77.15017507	338.9731375	12
512	38.95541888	-77.15025954	339.6862868	12
513	38.95548729	-77.1503265	343.1565159	12
514	38.95556612	-77.15039318	345.3455325	12
515	38.95563971	-77.15045763	344.8514213	12
516	38.95570875	-77.15051728	345.0511145	12
517	38.95576343	-77.15061599	330.8437681	12
518	38.95580156	-77.15072083	319.6505158	12
519	38.95582808	-77.15083422	307.1376413	12
520	38.95583394	-77.15094992	279.2997658	12
521	38.95583112	-77.15106404	265.4312259	12
522	38.95582572	-77.15118035	261.4638607	12
523	38.95580004	-77.15128331	231.0924677	12
524	38.95574788	-77.15137939	209.6463101	12
525	38.95570711	-77.15127873	142.6509228	12
526	38.95576682	-77.15119553	23.29819372	12
527	38.95579529	-77.15108436	50.34348745	12
528	38.95580222	-77.15096323	79.49935699	12
529	38.9557983	-77.15084579	96.15850165	12
530	38.95577099	-77.15073534	128.6720869	12
531	38.95572856	-77.15063406	143.5809396	12
532	38.95567518	-77.15055041	154.1569259	12
533	38.95560321	-77.15048023	163.2229605	12
534	38.95552675	-77.15041763	165.7928921	12
535	38.95544858	-77.15035164	165.3656472	12
536	38.95537709	-77.1502833	163.5244256	12
537	38.95531309	-77.15020029	158.1325671	12
538	38.95525384	-77.15011047	154.8644887	12
539	38.95520585	-77.15001322	147.9022905	12
540	38.95515794	-77.14991701	148.1278003	12
541	38.95511297	-77.14981828	145.7940229	12
542	38.95507795	-77.14971353	137.1959765	12
543	38.95505154	-77.14960111	127.1776475	12
544	38.95502034	-77.14949277	132.9120479	12
545	38.95496785	-77.14939688	150.4986161	12
546	38.95493776	-77.14928879	131.9449872	12
547	38.95489964	-77.14918458	139.7340654	12
548	38.95488096	-77.14907244	118.2592443	12
549	38.954911	-77.14896868	46.93387566	12
550	38.95491315	-77.14905835	292.5190393	10
551	38.95492805	-77.14917438	292.5190393	10
552	38.95496458	-77.14927857	318.5450762	10
553	38.95499369	-77.14938782	310.7018362	10
554	38.95503831	-77.14948691	325.4827872	10
555	38.95507404	-77.14959716	316.3069109	10
556	38.9551022	-77.14970694	309.638677	10
557	38.95514046	-77.14980719	320.9507678	10
558	38.95518259	-77.14990841	323.3643069	10
559	38.9552319	-77.15000809	327.9640126	10
560	38.95528554	-77.15009709	332.8222367	10
561	38.9553483	-77.15017507	338.9731375	10
562	38.95541888	-77.15025954	339.6862868	10
563	38.95548729	-77.1503265	343.1565159	10
564	38.95556612	-77.15039318	345.3455325	10
565	38.95563971	-77.15045763	344.8514213	10
566	38.95570875	-77.15051728	345.0511145	10
567	38.95576343	-77.15061599	330.8437681	10
568	38.95580156	-77.15072083	319.6505158	10
569	38.95582808	-77.15083422	307.1376413	10
570	38.95583394	-77.15094992	279.2997658	10
571	38.95583112	-77.15106404	265.4312259	10
572	38.95582572	-77.15118035	261.4638607	10
573	38.95580004	-77.15128331	231.0924677	10
574	38.95574788	-77.15137939	209.6463101	10
575	38.95570711	-77.15127873	142.6509228	10
576	38.95576682	-77.15119553	23.29819372	10
577	38.95579529	-77.15108436	50.34348745	10
578	38.95580222	-77.15096323	79.49935699	10
579	38.9557983	-77.15084579	96.15850165	10
580	38.95577099	-77.15073534	128.6720869	10
581	38.95572856	-77.15063406	143.5809396	10
582	38.95567518	-77.15055041	154.1569259	10
583	38.95560321	-77.15048023	163.2229605	10
584	38.95552675	-77.15041763	165.7928921	10
585	38.95544858	-77.15035164	165.3656472	10
586	38.95537709	-77.1502833	163.5244256	10
587	38.95531309	-77.15020029	158.1325671	10
588	38.95525384	-77.15011047	154.8644887	10
589	38.95520585	-77.15001322	147.9022905	10
590	38.95515794	-77.14991701	148.1278003	10
591	38.95511297	-77.14981828	145.7940229	10
592	38.95507795	-77.14971353	137.1959765	10
593	38.95505154	-77.14960111	127.1776475	10
594	38.95502034	-77.14949277	132.9120479	10
595	38.95496785	-77.14939688	150.4986161	10
596	38.95493776	-77.14928879	131.9449872	10
597	38.95489964	-77.14918458	139.7340654	10
598	38.95488096	-77.14907244	118.2592443	10
599	38.954911	-77.14896868	46.93387566	10
600	38.95491315	-77.14905835	292.5190393	12
601	38.95492805	-77.14917438	292.5190393	12
602	38.95496458	-77.14927857	318.5450762	12
603	38.95499369	-77.14938782	310.7018362	12
604	38.95503831	-77.14948691	325.4827872	12
605	38.95507404	-77.14959716	316.3069109	12
606	38.9551022	-77.14970694	309.638677	12
607	38.95514046	-77.14980719	320.9507678	12
608	38.95518259	-77.14990841	323.3643069	12
609	38.9552319	-77.15000809	327.9640126	12
610	38.95528554	-77.15009709	332.8222367	12
611	38.9553483	-77.15017507	338.9731375	12
612	38.95541888	-77.15025954	339.6862868	12
613	38.95548729	-77.1503265	343.1565159	12
614	38.95556612	-77.15039318	345.3455325	12
615	38.95563971	-77.15045763	344.8514213	12
616	38.95570875	-77.15051728	345.0511145	12
617	38.95576343	-77.15061599	330.8437681	12
618	38.95580156	-77.15072083	319.6505158	12
619	38.95582808	-77.15083422	307.1376413	12
620	38.95583394	-77.15094992	279.2997658	12
621	38.95583112	-77.15106404	265.4312259	12
622	38.95582572	-77.15118035	261.4638607	12
623	38.95580004	-77.15128331	231.0924677	12
624	38.95574788	-77.15137939	209.6463101	12
625	38.95570711	-77.15127873	142.6509228	12
626	38.95576682	-77.15119553	23.29819372	12
627	38.95579529	-77.15108436	50.34348745	12
628	38.95580222	-77.15096323	79.49935699	12
629	38.9557983	-77.15084579	96.15850165	12
630	38.95577099	-77.15073534	128.6720869	12
631	38.95572856	-77.15063406	143.5809396	12
632	38.95567518	-77.15055041	154.1569259	12
633	38.95560321	-77.15048023	163.2229605	12
634	38.95552675	-77.15041763	165.7928921	12
635	38.95544858	-77.15035164	165.3656472	12
636	38.95537709	-77.1502833	163.5244256	12
637	38.95531309	-77.15020029	158.1325671	12
638	38.95525384	-77.15011047	154.8644887	12
639	38.95520585	-77.15001322	147.9022905	12
640	38.95515794	-77.14991701	148.1278003	12
641	38.95511297	-77.14981828	145.7940229	12
642	38.95507795	-77.14971353	137.1959765	12
643	38.95505154	-77.14960111	127.1776475	12
644	38.95502034	-77.14949277	132.9120479	12
645	38.95496785	-77.14939688	150.4986161	12
646	38.95493776	-77.14928879	131.9449872	12
647	38.95489964	-77.14918458	139.7340654	12
648	38.95488096	-77.14907244	118.2592443	12
649	38.954911	-77.14896868	46.93387566	12
650	38.95491315	-77.14905835	292.5190393	10
651	38.95492805	-77.14917438	292.5190393	10
652	38.95496458	-77.14927857	318.5450762	10
653	38.95499369	-77.14938782	310.7018362	10
654	38.95503831	-77.14948691	325.4827872	10
655	38.95507404	-77.14959716	316.3069109	10
656	38.9551022	-77.14970694	309.638677	10
657	38.95514046	-77.14980719	320.9507678	10
658	38.95518259	-77.14990841	323.3643069	10
659	38.9552319	-77.15000809	327.9640126	10
660	38.95528554	-77.15009709	332.8222367	10
661	38.9553483	-77.15017507	338.9731375	10
662	38.95541888	-77.15025954	339.6862868	10
663	38.95548729	-77.1503265	343.1565159	10
664	38.95556612	-77.15039318	345.3455325	10
665	38.95563971	-77.15045763	344.8514213	10
666	38.95570875	-77.15051728	345.0511145	10
667	38.95576343	-77.15061599	330.8437681	10
668	38.95580156	-77.15072083	319.6505158	10
669	38.95582808	-77.15083422	307.1376413	10
670	38.95583394	-77.15094992	279.2997658	10
671	38.95583112	-77.15106404	265.4312259	10
672	38.95582572	-77.15118035	261.4638607	10
673	38.95580004	-77.15128331	231.0924677	10
674	38.95574788	-77.15137939	209.6463101	10
675	38.95570711	-77.15127873	142.6509228	10
676	38.95576682	-77.15119553	23.29819372	10
677	38.95579529	-77.15108436	50.34348745	10
678	38.95580222	-77.15096323	79.49935699	10
679	38.9557983	-77.15084579	96.15850165	10
680	38.95577099	-77.15073534	128.6720869	10
681	38.95572856	-77.15063406	143.5809396	10
682	38.95567518	-77.15055041	154.1569259	10
683	38.95560321	-77.15048023	163.2229605	10
684	38.95552675	-77.15041763	165.7928921	10
685	38.95544858	-77.15035164	165.3656472	10
686	38.95537709	-77.1502833	163.5244256	10
687	38.95531309	-77.15020029	158.1325671	10
688	38.95525384	-77.15011047	154.8644887	10
689	38.95520585	-77.15001322	147.9022905	10
690	38.95515794	-77.14991701	148.1278003	10
691	38.95511297	-77.14981828	145.7940229	10
692	38.95507795	-77.14971353	137.1959765	10
693	38.95505154	-77.14960111	127.1776475	10
694	38.95502034	-77.14949277	132.9120479	10
695	38.95496785	-77.14939688	150.4986161	10
696	38.95493776	-77.14928879	131.9449872	10
697	38.95489964	-77.14918458	139.7340654	10
698	38.95488096	-77.14907244	118.2592443	10
699	38.954911	-77.14896868	46.93387566	10
700	38.95491315	-77.14905835	292.5190393	12
701	38.95492805	-77.14917438	292.5190393	12
702	38.95496458	-77.14927857	318.5450762	12
703	38.95499369	-77.14938782	310.7018362	12
704	38.95503831	-77.14948691	325.4827872	12
705	38.95507404	-77.14959716	316.3069109	12
706	38.9551022	-77.14970694	309.638677	12
707	38.95514046	-77.14980719	320.9507678	12
708	38.95518259	-77.14990841	323.3643069	12
709	38.9552319	-77.15000809	327.9640126	12
710	38.95528554	-77.15009709	332.8222367	12
711	38.9553483	-77.15017507	338.9731375	12
712	38.95541888	-77.15025954	339.6862868	12
713	38.95548729	-77.1503265	343.1565159	12
714	38.95556612	-77.15039318	345.3455325	12
715	38.95563971	-77.15045763	344.8514213	12
716	38.95570875	-77.15051728	345.0511145	12
717	38.95576343	-77.15061599	330.8437681	12
718	38.95580156	-77.15072083	319.6505158	12
719	38.95582808	-77.15083422	307.1376413	12
720	38.95583394	-77.15094992	279.2997658	12
721	38.95583112	-77.15106404	265.4312259	12
722	38.95582572	-77.15118035	261.4638607	12
723	38.95580004	-77.15128331	231.0924677	12
724	38.95574788	-77.15137939	209.6463101	12
725	38.95570711	-77.15127873	142.6509228	12
726	38.95576682	-77.15119553	23.29819372	12
727	38.95579529	-77.15108436	50.34348745	12
728	38.95580222	-77.15096323	79.49935699	12
729	38.9557983	-77.15084579	96.15850165	12
730	38.95577099	-77.15073534	128.6720869	12
731	38.95572856	-77.15063406	143.5809396	12
732	38.95567518	-77.15055041	154.1569259	12
733	38.95560321	-77.15048023	163.2229605	12
734	38.95552675	-77.15041763	165.7928921	12
735	38.95544858	-77.15035164	165.3656472	12
736	38.95537709	-77.1502833	163.5244256	12
737	38.95531309	-77.15020029	158.1325671	12
738	38.95525384	-77.15011047	154.8644887	12
739	38.95520585	-77.15001322	147.9022905	12
740	38.95515794	-77.14991701	148.1278003	12
741	38.95511297	-77.14981828	145.7940229	12
742	38.95507795	-77.14971353	137.1959765	12
743	38.95505154	-77.14960111	127.1776475	12
744	38.95502034	-77.14949277	132.9120479	12
745	38.95496785	-77.14939688	150.4986161	12
746	38.95493776	-77.14928879	131.9449872	12
747	38.95489964	-77.14918458	139.7340654	12
748	38.95488096	-77.14907244	118.2592443	12
749	38.954911	-77.14896868	46.93387566	12
750	38.95491315	-77.14905835	292.5190393	10
751	38.95492805	-77.14917438	292.5190393	10
752	38.95496458	-77.14927857	318.5450762	10
753	38.95499369	-77.14938782	310.7018362	10
754	38.95503831	-77.14948691	325.4827872	10
755	38.95507404	-77.14959716	316.3069109	10
756	38.9551022	-77.14970694	309.638677	10
757	38.95514046	-77.14980719	320.9507678	10
758	38.95518259	-77.14990841	323.3643069	10
759	38.9552319	-77.15000809	327.9640126	10
760	38.95528554	-77.15009709	332.8222367	10
761	38.9553483	-77.15017507	338.9731375	10
762	38.95541888	-77.15025954	339.6862868	10
763	38.95548729	-77.1503265	343.1565159	10
764	38.95556612	-77.15039318	345.3455325	10
765	38.95563971	-77.15045763	344.8514213	10
766	38.95570875	-77.15051728	345.0511145	10
767	38.95576343	-77.15061599	330.8437681	10
768	38.95580156	-77.15072083	319.6505158	10
769	38.95582808	-77.15083422	307.1376413	10
770	38.95583394	-77.15094992	279.2997658	10
771	38.95583112	-77.15106404	265.4312259	10
772	38.95582572	-77.15118035	261.4638607	10
773	38.95580004	-77.15128331	231.0924677	10
774	38.95574788	-77.15137939	209.6463101	10
775	38.95570711	-77.15127873	142.6509228	10
776	38.95576682	-77.15119553	23.29819372	10
777	38.95579529	-77.15108436	50.34348745	10
778	38.95580222	-77.15096323	79.49935699	10
779	38.9557983	-77.15084579	96.15850165	10
780	38.95577099	-77.15073534	128.6720869	10
781	38.95572856	-77.15063406	143.5809396	10
782	38.95567518	-77.15055041	154.1569259	10
783	38.95560321	-77.15048023	163.2229605	10
784	38.95552675	-77.15041763	165.7928921	10
785	38.95544858	-77.15035164	165.3656472	10
786	38.95537709	-77.1502833	163.5244256	10
787	38.95531309	-77.15020029	158.1325671	10
788	38.95525384	-77.15011047	154.8644887	10
789	38.95520585	-77.15001322	147.9022905	10
790	38.95515794	-77.14991701	148.1278003	10
791	38.95511297	-77.14981828	145.7940229	10
792	38.95507795	-77.14971353	137.1959765	10
793	38.95505154	-77.14960111	127.1776475	10
794	38.95502034	-77.14949277	132.9120479	10
795	38.95496785	-77.14939688	150.4986161	10
796	38.95493776	-77.14928879	131.9449872	10
797	38.95489964	-77.14918458	139.7340654	10
798	38.95488096	-77.14907244	118.2592443	10
799	38.954911	-77.14896868	46.93387566	10
800	38.95491315	-77.14905835	292.5190393	12
801	38.95492805	-77.14917438	292.5190393	12
802	38.95496458	-77.14927857	318.5450762	12
803	38.95499369	-77.14938782	310.7018362	12
804	38.95503831	-77.14948691	325.4827872	12
805	38.95507404	-77.14959716	316.3069109	12
806	38.9551022	-77.14970694	309.638677	12
807	38.95514046	-77.14980719	320.9507678	12
808	38.95518259	-77.14990841	323.3643069	12
809	38.9552319	-77.15000809	327.9640126	12
810	38.95528554	-77.15009709	332.8222367	12
811	38.9553483	-77.15017507	338.9731375	12
812	38.95541888	-77.15025954	339.6862868	12
813	38.95548729	-77.1503265	343.1565159	12
814	38.95556612	-77.15039318	345.3455325	12
815	38.95563971	-77.15045763	344.8514213	12
816	38.95570875	-77.15051728	345.0511145	12
817	38.95576343	-77.15061599	330.8437681	12
818	38.95580156	-77.15072083	319.6505158	12
819	38.95582808	-77.15083422	307.1376413	12
820	38.95583394	-77.15094992	279.2997658	12
821	38.95583112	-77.15106404	265.4312259	12
822	38.95582572	-77.15118035	261.4638607	12
823	38.95580004	-77.15128331	231.0924677	12
824	38.95574788	-77.15137939	209.6463101	12
825	38.95570711	-77.15127873	142.6509228	12
826	38.95576682	-77.15119553	23.29819372	12
827	38.95579529	-77.15108436	50.34348745	12
828	38.95580222	-77.15096323	79.49935699	12
829	38.9557983	-77.15084579	96.15850165	12
830	38.95577099	-77.15073534	128.6720869	12
831	38.95572856	-77.15063406	143.5809396	12
832	38.95567518	-77.15055041	154.1569259	12
833	38.95560321	-77.15048023	163.2229605	12
834	38.95552675	-77.15041763	165.7928921	12
835	38.95544858	-77.15035164	165.3656472	12
836	38.95537709	-77.1502833	163.5244256	12
837	38.95531309	-77.15020029	158.1325671	12
838	38.95525384	-77.15011047	154.8644887	12
839	38.95520585	-77.15001322	147.9022905	12
840	38.95515794	-77.14991701	148.1278003	12
841	38.95511297	-77.14981828	145.7940229	12
842	38.95507795	-77.14971353	137.1959765	12
843	38.95505154	-77.14960111	127.1776475	12
844	38.95502034	-77.14949277	132.9120479	12
845	38.95496785	-77.14939688	150.4986161	12
846	38.95493776	-77.14928879	131.9449872	12
847	38.95489964	-77.14918458	139.7340654	12
848	38.95488096	-77.14907244	118.2592443	12
849	38.954911	-77.14896868	46.93387566	12
850	38.95491315	-77.14905835	292.5190393	10
851	38.95492805	-77.14917438	292.5190393	10
852	38.95496458	-77.14927857	318.5450762	10
853	38.95499369	-77.14938782	310.7018362	10
854	38.95503831	-77.14948691	325.4827872	10
855	38.95507404	-77.14959716	316.3069109	10
856	38.9551022	-77.14970694	309.638677	10
857	38.95514046	-77.14980719	320.9507678	10
858	38.95518259	-77.14990841	323.3643069	10
859	38.9552319	-77.15000809	327.9640126	10
860	38.95528554	-77.15009709	332.8222367	10
861	38.9553483	-77.15017507	338.9731375	10
862	38.95541888	-77.15025954	339.6862868	10
863	38.95548729	-77.1503265	343.1565159	10
864	38.95556612	-77.15039318	345.3455325	10
865	38.95563971	-77.15045763	344.8514213	10
866	38.95570875	-77.15051728	345.0511145	10
867	38.95576343	-77.15061599	330.8437681	10
868	38.95580156	-77.15072083	319.6505158	10
869	38.95582808	-77.15083422	307.1376413	10
870	38.95583394	-77.15094992	279.2997658	10
871	38.95583112	-77.15106404	265.4312259	10
872	38.95582572	-77.15118035	261.4638607	10
873	38.95580004	-77.15128331	231.0924677	10
874	38.95574788	-77.15137939	209.6463101	10
875	38.95570711	-77.15127873	142.6509228	10
876	38.95576682	-77.15119553	23.29819372	10
877	38.95579529	-77.15108436	50.34348745	10
878	38.95580222	-77.15096323	79.49935699	10
879	38.9557983	-77.15084579	96.15850165	10
880	38.95577099	-77.15073534	128.6720869	10
881	38.95572856	-77.15063406	143.5809396	10
882	38.95567518	-77.15055041	154.1569259	10
883	38.95560321	-77.15048023	163.2229605	10
884	38.95552675	-77.15041763	165.7928921	10
885	38.95544858	-77.15035164	165.3656472	10
886	38.95537709	-77.1502833	163.5244256	10
887	38.95531309	-77.15020029	158.1325671	10
888	38.95525384	-77.15011047	154.8644887	10
889	38.95520585	-77.15001322	147.9022905	10
890	38.95515794	-77.14991701	148.1278003	10
891	38.95511297	-77.14981828	145.7940229	10
892	38.95507795	-77.14971353	137.1959765	10
893	38.95505154	-77.14960111	127.1776475	10
894	38.95502034	-77.14949277	132.9120479	10
895	38.95496785	-77.14939688	150.4986161	10
896	38.95493776	-77.14928879	131.9449872	10
897	38.95489964	-77.14918458	139.7340654	10
898	38.95488096	-77.14907244	118.2592443	10
899	38.954911	-77.14896868	46.93387566	10
900	38.95491315	-77.14905835	292.5190393	12
901	38.95492805	-77.14917438	292.5190393	12
902	38.95496458	-77.14927857	318.5450762	12
903	38.95499369	-77.14938782	310.7018362	12
904	38.95503831	-77.14948691	325.4827872	12
905	38.95507404	-77.14959716	316.3069109	12
906	38.9551022	-77.14970694	309.638677	12
907	38.95514046	-77.14980719	320.9507678	12
908	38.95518259	-77.14990841	323.3643069	12
909	38.9552319	-77.15000809	327.9640126	12
910	38.95528554	-77.15009709	332.8222367	12
911	38.9553483	-77.15017507	338.9731375	12
912	38.95541888	-77.15025954	339.6862868	12
913	38.95548729	-77.1503265	343.1565159	12
914	38.95556612	-77.15039318	345.3455325	12
915	38.95563971	-77.15045763	344.8514213	12
916	38.95570875	-77.15051728	345.0511145	12
917	38.95576343	-77.15061599	330.8437681	12
918	38.95580156	-77.15072083	319.6505158	12
919	38.95582808	-77.15083422	307.1376413	12
920	38.95583394	-77.15094992	279.2997658	12
921	38.95583112	-77.15106404	265.4312259	12
922	38.95582572	-77.15118035	261.4638607	12
923	38.95580004	-77.15128331	231.0924677	12
924	38.95574788	-77.15137939	209.6463101	12
925	38.95570711	-77.15127873	142.6509228	12
926	38.95576682	-77.15119553	23.29819372	12
927	38.95579529	-77.15108436	50.34348745	12
928	38.95580222	-77.15096323	79.49935699	12
929	38.9557983	-77.15084579	96.15850165	12
930	38.95577099	-77.15073534	128.6720869	12
931	38.95572856	-77.15063406	143.5809396	12
932	38.95567518	-77.15055041	154.1569259	12
933	38.95560321	-77.15048023	163.2229605	12
934	38.95552675	-77.15041763	165.7928921	12
935	38.95544858	-77.15035164	165.3656472	12
936	38.95537709	-77.1502833	163.5244256	12
937	38.95531309	-77.15020029	158.1325671	12
938	38.95525384	-77.15011047	154.8644887	12
939	38.95520585	-77.15001322	147.9022905	12
940	38.95515794	-77.14991701	148.1278003	12
941	38.95511297	-77.14981828	145.7940229	12
942	38.95507795	-77.14971353	137.1959765	12
943	38.95505154	-77.14960111	127.1776475	12
944	38.95502034	-77.14949277	132.9120479	12
945	38.95496785	-77.14939688	150.4986161	12
946	38.95493776	-77.14928879	131.9449872	12
947	38.95489964	-77.14918458	139.7340654	12
948	38.95488096	-77.14907244	118.2592443	12
949	38.954911	-77.14896868	46.93387566	12
950	38.95491315	-77.14905835	292.5190393	10
951	38.95492805	-77.14917438	292.5190393	10
952	38.95496458	-77.14927857	318.5450762	10
953	38.95499369	-77.14938782	310.7018362	10
954	38.95503831	-77.14948691	325.4827872	10
955	38.95507404	-77.14959716	316.3069109	10
956	38.9551022	-77.14970694	309.638677	10
957	38.95514046	-77.14980719	320.9507678	10
958	38.95518259	-77.14990841	323.3643069	10
959	38.9552319	-77.15000809	327.9640126	10
960	38.95528554	-77.15009709	332.8222367	10
961	38.9553483	-77.15017507	338.9731375	10
962	38.95541888	-77.15025954	339.6862868	10
963	38.95548729	-77.1503265	343.1565159	10
964	38.95556612	-77.15039318	345.3455325	10
965	38.95563971	-77.15045763	344.8514213	10
966	38.95570875	-77.15051728	345.0511145	10
967	38.95576343	-77.15061599	330.8437681	10
968	38.95580156	-77.15072083	319.6505158	10
969	38.95582808	-77.15083422	307.1376413	10
970	38.95583394	-77.15094992	279.2997658	10
971	38.95583112	-77.15106404	265.4312259	10
972	38.95582572	-77.15118035	261.4638607	10
973	38.95580004	-77.15128331	231.0924677	10
974	38.95574788	-77.15137939	209.6463101	10
975	38.95570711	-77.15127873	142.6509228	10
976	38.95576682	-77.15119553	23.29819372	10
977	38.95579529	-77.15108436	50.34348745	10
978	38.95580222	-77.15096323	79.49935699	10
979	38.9557983	-77.15084579	96.15850165	10
980	38.95577099	-77.15073534	128.6720869	10
981	38.95572856	-77.15063406	143.5809396	10
982	38.95567518	-77.15055041	154.1569259	10
983	38.95560321	-77.15048023	163.2229605	10
984	38.95552675	-77.15041763	165.7928921	10
985	38.95544858	-77.15035164	165.3656472	10
986	38.95537709	-77.1502833	163.5244256	10
987	38.95531309	-77.15020029	158.1325671	10
988	38.95525384	-77.15011047	154.8644887	10
989	38.95520585	-77.15001322	147.9022905	10
990	38.95515794	-77.14991701	148.1278003	10
991	38.95511297	-77.14981828	145.7940229	10
992	38.95507795	-77.14971353	137.1959765	10
993	38.95505154	-77.14960111	127.1776475	10
994	38.95502034	-77.14949277	132.9120479	10
995	38.95496785	-77.14939688	150.4986161	10
996	38.95493776	-77.14928879	131.9449872	10
997	38.95489964	-77.14918458	139.7340654	10
998	38.95488096	-77.14907244	118.2592443	10
999	38.954911	-77.14896868	46.93387566	10
1000	38.95491315	-77.14905835	292.5190393	12
1001	38.95492805	-77.14917438	292.5190393	12
1002	38.95496458	-77.14927857	318.5450762	12
1003	38.95499369	-77.14938782	310.7018362	12
1004	38.95503831	-77.14948691	325.4827872	12
1005	38.95507404	-77.14959716	316.3069109	12
1006	38.9551022	-77.14970694	309.638677	12
1007	38.95514046	-77.14980719	320.9507678	12
1008	38.95518259	-77.14990841	323.3643069	12
1009	38.9552319	-77.15000809	327.9640126	12
1010	38.95528554	-77.15009709	332.8222367	12
1011	38.9553483	-77.15017507	338.9731375	12
1012	38.95541888	-77.15025954	339.6862868	12
1013	38.95548729	-77.1503265	343.1565159	12
1014	38.95556612	-77.15039318	345.3455325	12
1015	38.95563971	-77.15045763	344.8514213	12
1016	38.95570875	-77.15051728	345.0511145	12
1017	38.95576343	-77.15061599	330.8437681	12
1018	38.95580156	-77.15072083	319.6505158	12
1019	38.95582808	-77.15083422	307.1376413	12
1020	38.95583394	-77.15094992	279.2997658	12
1021	38.95583112	-77.15106404	265.4312259	12
1022	38.95582572	-77.15118035	261.4638607	12
1023	38.95580004	-77.15128331	231.0924677	12
1024	38.95574788	-77.15137939	209.6463101	12
1025	38.95570711	-77.15127873	142.6509228	12
1026	38.95576682	-77.15119553	23.29819372	12
1027	38.95579529	-77.15108436	50.34348745	12
1028	38.95580222	-77.15096323	79.49935699	12
1029	38.9557983	-77.15084579	96.15850165	12
1030	38.95577099	-77.15073534	128.6720869	12
1031	38.95572856	-77.15063406	143.5809396	12
1032	38.95567518	-77.15055041	154.1569259	12
1033	38.95560321	-77.15048023	163.2229605	12
1034	38.95552675	-77.15041763	165.7928921	12
1035	38.95544858	-77.15035164	165.3656472	12
1036	38.95537709	-77.1502833	163.5244256	12
1037	38.95531309	-77.15020029	158.1325671	12
1038	38.95525384	-77.15011047	154.8644887	12
1039	38.95520585	-77.15001322	147.9022905	12
1040	38.95515794	-77.14991701	148.1278003	12
1041	38.95511297	-77.14981828	145.7940229	12
1042	38.95507795	-77.14971353	137.1959765	12
1043	38.95505154	-77.14960111	127.1776475	12
1044	38.95502034	-77.14949277	132.9120479	12
1045	38.95496785	-77.14939688	150.4986161	12
1046	38.95493776	-77.14928879	131.9449872	12
1047	38.95489964	-77.14918458	139.7340654	12
1048	38.95488096	-77.14907244	118.2592443	12
1049	38.954911	-77.14896868	46.93387566	12
1050	38.95491315	-77.14905835	292.5190393	10
1051	38.95492805	-77.14917438	292.5190393	10
1052	38.95496458	-77.14927857	318.5450762	10
1053	38.95499369	-77.14938782	310.7018362	10
1054	38.95503831	-77.14948691	325.4827872	10
1055	38.95507404	-77.14959716	316.3069109	10
1056	38.9551022	-77.14970694	309.638677	10
1057	38.95514046	-77.14980719	320.9507678	10
1058	38.95518259	-77.14990841	323.3643069	10
1059	38.9552319	-77.15000809	327.9640126	10
1060	38.95528554	-77.15009709	332.8222367	10
1061	38.9553483	-77.15017507	338.9731375	10
1062	38.95541888	-77.15025954	339.6862868	10
1063	38.95548729	-77.1503265	343.1565159	10
1064	38.95556612	-77.15039318	345.3455325	10
1065	38.95563971	-77.15045763	344.8514213	10
1066	38.95570875	-77.15051728	345.0511145	10
1067	38.95576343	-77.15061599	330.8437681	10
1068	38.95580156	-77.15072083	319.6505158	10
1069	38.95582808	-77.15083422	307.1376413	10
1070	38.95583394	-77.15094992	279.2997658	10
1071	38.95583112	-77.15106404	265.4312259	10
1072	38.95582572	-77.15118035	261.4638607	10
1073	38.95580004	-77.15128331	231.0924677	10
1074	38.95574788	-77.15137939	209.6463101	10
1075	38.95570711	-77.15127873	142.6509228	10
1076	38.95576682	-77.15119553	23.29819372	10
1077	38.95579529	-77.15108436	50.34348745	10
1078	38.95580222	-77.15096323	79.49935699	10
1079	38.9557983	-77.15084579	96.15850165	10
1080	38.95577099	-77.15073534	128.6720869	10
1081	38.95572856	-77.15063406	143.5809396	10
1082	38.95567518	-77.15055041	154.1569259	10
1083	38.95560321	-77.15048023	163.2229605	10
1084	38.95552675	-77.15041763	165.7928921	10
1085	38.95544858	-77.15035164	165.3656472	10
1086	38.95537709	-77.1502833	163.5244256	10
1087	38.95531309	-77.15020029	158.1325671	10
1088	38.95525384	-77.15011047	154.8644887	10
1089	38.95520585	-77.15001322	147.9022905	10
1090	38.95515794	-77.14991701	148.1278003	10
1091	38.95511297	-77.14981828	145.7940229	10
1092	38.95507795	-77.14971353	137.1959765	10
1093	38.95505154	-77.14960111	127.1776475	10
1094	38.95502034	-77.14949277	132.9120479	10
1095	38.95496785	-77.14939688	150.4986161	10
1096	38.95493776	-77.14928879	131.9449872	10
1097	38.95489964	-77.14918458	139.7340654	10
1098	38.95488096	-77.14907244	118.2592443	10
1099	38.954911	-77.14896868	46.93387566	10
1100	38.95491315	-77.14905835	292.5190393	12
1101	38.95492805	-77.14917438	292.5190393	12
1102	38.95496458	-77.14927857	318.5450762	12
1103	38.95499369	-77.14938782	310.7018362	12
1104	38.95503831	-77.14948691	325.4827872	12
1105	38.95507404	-77.14959716	316.3069109	12
1106	38.9551022	-77.14970694	309.638677	12
1107	38.95514046	-77.14980719	320.9507678	12
1108	38.95518259	-77.14990841	323.3643069	12
1109	38.9552319	-77.15000809	327.9640126	12
1110	38.95528554	-77.15009709	332.8222367	12
1111	38.9553483	-77.15017507	338.9731375	12
1112	38.95541888	-77.15025954	339.6862868	12
1113	38.95548729	-77.1503265	343.1565159	12
1114	38.95556612	-77.15039318	345.3455325	12
1115	38.95563971	-77.15045763	344.8514213	12
1116	38.95570875	-77.15051728	345.0511145	12
1117	38.95576343	-77.15061599	330.8437681	12
1118	38.95580156	-77.15072083	319.6505158	12
1119	38.95582808	-77.15083422	307.1376413	12
1120	38.95583394	-77.15094992	279.2997658	12
1121	38.95583112	-77.15106404	265.4312259	12
1122	38.95582572	-77.15118035	261.4638607	12
1123	38.95580004	-77.15128331	231.0924677	12
1124	38.95574788	-77.15137939	209.6463101	12
1125	38.95570711	-77.15127873	142.6509228	12
1126	38.95576682	-77.15119553	23.29819372	12
1127	38.95579529	-77.15108436	50.34348745	12
1128	38.95580222	-77.15096323	79.49935699	12
1129	38.9557983	-77.15084579	96.15850165	12
1130	38.95577099	-77.15073534	128.6720869	12
1131	38.95572856	-77.15063406	143.5809396	12
1132	38.95567518	-77.15055041	154.1569259	12
1133	38.95560321	-77.15048023	163.2229605	12
1134	38.95552675	-77.15041763	165.7928921	12
1135	38.95544858	-77.15035164	165.3656472	12
1136	38.95537709	-77.1502833	163.5244256	12
1137	38.95531309	-77.15020029	158.1325671	12
1138	38.95525384	-77.15011047	154.8644887	12
1139	38.95520585	-77.15001322	147.9022905	12
1140	38.95515794	-77.14991701	148.1278003	12
1141	38.95511297	-77.14981828	145.7940229	12
1142	38.95507795	-77.14971353	137.1959765	12
1143	38.95505154	-77.14960111	127.1776475	12
1144	38.95502034	-77.14949277	132.9120479	12
1145	38.95496785	-77.14939688	150.4986161	12
1146	38.95493776	-77.14928879	131.9449872	12
1147	38.95489964	-77.14918458	139.7340654	12
1148	38.95488096	-77.14907244	118.2592443	12
1149	38.954911	-77.14896868	46.93387566	12
1150	38.95491315	-77.14905835	292.5190393	10
1151	38.95492805	-77.14917438	292.5190393	10
1152	38.95496458	-77.14927857	318.5450762	10
1153	38.95499369	-77.14938782	310.7018362	10
1154	38.95503831	-77.14948691	325.4827872	10
1155	38.95507404	-77.14959716	316.3069109	10
1156	38.9551022	-77.14970694	309.638677	10
1157	38.95514046	-77.14980719	320.9507678	10
1158	38.95518259	-77.14990841	323.3643069	10
1159	38.9552319	-77.15000809	327.9640126	10
1160	38.95528554	-77.15009709	332.8222367	10
1161	38.9553483	-77.15017507	338.9731375	10
1162	38.95541888	-77.15025954	339.6862868	10
1163	38.95548729	-77.1503265	343.1565159	10
1164	38.95556612	-77.15039318	345.3455325	10
1165	38.95563971	-77.15045763	344.8514213	10
1166	38.95570875	-77.15051728	345.0511145	10
1167	38.95576343	-77.15061599	330.8437681	10
1168	38.95580156	-77.15072083	319.6505158	10
1169	38.95582808	-77.15083422	307.1376413	10
1170	38.95583394	-77.15094992	279.2997658	10
1171	38.95583112	-77.15106404	265.4312259	10
1172	38.95582572	-77.15118035	261.4638607	10
1173	38.95580004	-77.15128331	231.0924677	10
1174	38.95574788	-77.15137939	209.6463101	10
1175	38.95570711	-77.15127873	142.6509228	10
1176	38.95576682	-77.15119553	23.29819372	10
1177	38.95579529	-77.15108436	50.34348745	10
1178	38.95580222	-77.15096323	79.49935699	10
1179	38.9557983	-77.15084579	96.15850165	10
1180	38.95577099	-77.15073534	128.6720869	10
1181	38.95572856	-77.15063406	143.5809396	10
1182	38.95567518	-77.15055041	154.1569259	10
1183	38.95560321	-77.15048023	163.2229605	10
1184	38.95552675	-77.15041763	165.7928921	10
1185	38.95544858	-77.15035164	165.3656472	10
1186	38.95537709	-77.1502833	163.5244256	10
1187	38.95531309	-77.15020029	158.1325671	10
1188	38.95525384	-77.15011047	154.8644887	10
1189	38.95520585	-77.15001322	147.9022905	10
1190	38.95515794	-77.14991701	148.1278003	10
1191	38.95511297	-77.14981828	145.7940229	10
1192	38.95507795	-77.14971353	137.1959765	10
1193	38.95505154	-77.14960111	127.1776475	10
1194	38.95502034	-77.14949277	132.9120479	10
1195	38.95496785	-77.14939688	150.4986161	10
1196	38.95493776	-77.14928879	131.9449872	10
1197	38.95489964	-77.14918458	139.7340654	10
1198	38.95488096	-77.14907244	118.2592443	10
1199	38.954911	-77.14896868	46.93387566	10
1200	38.95491315	-77.14905835	292.5190393	12
1201	38.95492805	-77.14917438	292.5190393	12
1202	38.95496458	-77.14927857	318.5450762	12
1203	38.95499369	-77.14938782	310.7018362	12
1204	38.95503831	-77.14948691	325.4827872	12
1205	38.95507404	-77.14959716	316.3069109	12
1206	38.9551022	-77.14970694	309.638677	12
1207	38.95514046	-77.14980719	320.9507678	12
1208	38.95518259	-77.14990841	323.3643069	12
1209	38.9552319	-77.15000809	327.9640126	12
1210	38.95528554	-77.15009709	332.8222367	12
1211	38.9553483	-77.15017507	338.9731375	12
1212	38.95541888	-77.15025954	339.6862868	12
1213	38.95548729	-77.1503265	343.1565159	12
1214	38.95556612	-77.15039318	345.3455325	12
1215	38.95563971	-77.15045763	344.8514213	12
1216	38.95570875	-77.15051728	345.0511145	12
1217	38.95576343	-77.15061599	330.8437681	12
1218	38.95580156	-77.15072083	319.6505158	12
1219	38.95582808	-77.15083422	307.1376413	12
1220	38.95583394	-77.15094992	279.2997658	12
1221	38.95583112	-77.15106404	265.4312259	12
1222	38.95582572	-77.15118035	261.4638607	12
1223	38.95580004	-77.15128331	231.0924677	12
1224	38.95574788	-77.15137939	209.6463101	12
1225	38.95570711	-77.15127873	142.6509228	12
1226	38.95576682	-77.15119553	23.29819372	12
1227	38.95579529	-77.15108436	50.34348745	12
1228	38.95580222	-77.15096323	79.49935699	12
1229	38.9557983	-77.15084579	96.15850165	12
1230	38.95577099	-77.15073534	128.6720869	12
1231	38.95572856	-77.15063406	143.5809396	12
1232	38.95567518	-77.15055041	154.1569259	12
1233	38.95560321	-77.15048023	163.2229605	12
1234	38.95552675	-77.15041763	165.7928921	12
1235	38.95544858	-77.15035164	165.3656472	12
1236	38.95537709	-77.1502833	163.5244256	12
1237	38.95531309	-77.15020029	158.1325671	12
1238	38.95525384	-77.15011047	154.8644887	12
1239	38.95520585	-77.15001322	147.9022905	12
1240	38.95515794	-77.14991701	148.1278003	12
1241	38.95511297	-77.14981828	145.7940229	12
1242	38.95507795	-77.14971353	137.1959765	12
1243	38.95505154	-77.14960111	127.1776475	12
1244	38.95502034	-77.14949277	132.9120479	12
1245	38.95496785	-77.14939688	150.4986161	12
1246	38.95493776	-77.14928879	131.9449872	12
1247	38.95489964	-77.14918458	139.7340654	12
1248	38.95488096	-77.14907244	118.2592443	12
1249	38.954911	-77.14896868	46.93387566	12
1250	38.95491315	-77.14905835	292.5190393	10
1251	38.95492805	-77.14917438	292.5190393	10
1252	38.95496458	-77.14927857	318.5450762	10
1253	38.95499369	-77.14938782	310.7018362	10
1254	38.95503831	-77.14948691	325.4827872	10
1255	38.95507404	-77.14959716	316.3069109	10
1256	38.9551022	-77.14970694	309.638677	10
1257	38.95514046	-77.14980719	320.9507678	10
1258	38.95518259	-77.14990841	323.3643069	10
1259	38.9552319	-77.15000809	327.9640126	10
1260	38.95528554	-77.15009709	332.8222367	10
1261	38.9553483	-77.15017507	338.9731375	10
1262	38.95541888	-77.15025954	339.6862868	10
1263	38.95548729	-77.1503265	343.1565159	10
1264	38.95556612	-77.15039318	345.3455325	10
1265	38.95563971	-77.15045763	344.8514213	10
1266	38.95570875	-77.15051728	345.0511145	10
1267	38.95576343	-77.15061599	330.8437681	10
1268	38.95580156	-77.15072083	319.6505158	10
1269	38.95582808	-77.15083422	307.1376413	10
1270	38.95583394	-77.15094992	279.2997658	10
1271	38.95583112	-77.15106404	265.4312259	10
1272	38.95582572	-77.15118035	261.4638607	10
1273	38.95580004	-77.15128331	231.0924677	10
1274	38.95574788	-77.15137939	209.6463101	10
1275	38.95570711	-77.15127873	142.6509228	10
1276	38.95576682	-77.15119553	23.29819372	10
1277	38.95579529	-77.15108436	50.34348745	10
1278	38.95580222	-77.15096323	79.49935699	10
1279	38.9557983	-77.15084579	96.15850165	10
1280	38.95577099	-77.15073534	128.6720869	10
1281	38.95572856	-77.15063406	143.5809396	10
1282	38.95567518	-77.15055041	154.1569259	10
1283	38.95560321	-77.15048023	163.2229605	10
1284	38.95552675	-77.15041763	165.7928921	10
1285	38.95544858	-77.15035164	165.3656472	10
1286	38.95537709	-77.1502833	163.5244256	10
1287	38.95531309	-77.15020029	158.1325671	10
1288	38.95525384	-77.15011047	154.8644887	10
1289	38.95520585	-77.15001322	147.9022905	10
1290	38.95515794	-77.14991701	148.1278003	10
1291	38.95511297	-77.14981828	145.7940229	10
1292	38.95507795	-77.14971353	137.1959765	10
1293	38.95505154	-77.14960111	127.1776475	10
1294	38.95502034	-77.14949277	132.9120479	10
1295	38.95496785	-77.14939688	150.4986161	10
1296	38.95493776	-77.14928879	131.9449872	10
1297	38.95489964	-77.14918458	139.7340654	10
1298	38.95488096	-77.14907244	118.2592443	10
1299	38.954911	-77.14896868	46.93387566	10
1300	38.95491315	-77.14905835	292.5190393	12
1301	38.95492805	-77.14917438	292.5190393	12
1302	38.95496458	-77.14927857	318.5450762	12
1303	38.95499369	-77.14938782	310.7018362	12
1304	38.95503831	-77.14948691	325.4827872	12
1305	38.95507404	-77.14959716	316.3069109	12
1306	38.9551022	-77.14970694	309.638677	12
1307	38.95514046	-77.14980719	320.9507678	12
1308	38.95518259	-77.14990841	323.3643069	12
1309	38.9552319	-77.15000809	327.9640126	12
1310	38.95528554	-77.15009709	332.8222367	12
1311	38.9553483	-77.15017507	338.9731375	12
1312	38.95541888	-77.15025954	339.6862868	12
1313	38.95548729	-77.1503265	343.1565159	12
1314	38.95556612	-77.15039318	345.3455325	12
1315	38.95563971	-77.15045763	344.8514213	12
1316	38.95570875	-77.15051728	345.0511145	12
1317	38.95576343	-77.15061599	330.8437681	12
1318	38.95580156	-77.15072083	319.6505158	12
1319	38.95582808	-77.15083422	307.1376413	12
1320	38.95583394	-77.15094992	279.2997658	12
1321	38.95583112	-77.15106404	265.4312259	12
1322	38.95582572	-77.15118035	261.4638607	12
1323	38.95580004	-77.15128331	231.0924677	12
1324	38.95574788	-77.15137939	209.6463101	12
1325	38.95570711	-77.15127873	142.6509228	12
1326	38.95576682	-77.15119553	23.29819372	12
1327	38.95579529	-77.15108436	50.34348745	12
1328	38.95580222	-77.15096323	79.49935699	12
1329	38.9557983	-77.15084579	96.15850165	12
1330	38.95577099	-77.15073534	128.6720869	12
1331	38.95572856	-77.15063406	143.5809396	12
1332	38.95567518	-77.15055041	154.1569259	12
1333	38.95560321	-77.15048023	163.2229605	12
1334	38.95552675	-77.15041763	165.7928921	12
1335	38.95544858	-77.15035164	165.3656472	12
1336	38.95537709	-77.1502833	163.5244256	12
1337	38.95531309	-77.15020029	158.1325671	12
1338	38.95525384	-77.15011047	154.8644887	12
1339	38.95520585	-77.15001322	147.9022905	12
1340	38.95515794	-77.14991701	148.1278003	12
1341	38.95511297	-77.14981828	145.7940229	12
1342	38.95507795	-77.14971353	137.1959765	12
1343	38.95505154	-77.14960111	127.1776475	12
1344	38.95502034	-77.14949277	132.9120479	12
1345	38.95496785	-77.14939688	150.4986161	12
1346	38.95493776	-77.14928879	131.9449872	12
1347	38.95489964	-77.14918458	139.7340654	12
1348	38.95488096	-77.14907244	118.2592443	12
1349	38.954911	-77.14896868	46.93387566	12
1350	38.95491315	-77.14905835	292.5190393	10
1351	38.95492805	-77.14917438	292.5190393	10
1352	38.95496458	-77.14927857	318.5450762	10
1353	38.95499369	-77.14938782	310.7018362	10
1354	38.95503831	-77.14948691	325.4827872	10
1355	38.95507404	-77.14959716	316.3069109	10
1356	38.9551022	-77.14970694	309.638677	10
1357	38.95514046	-77.14980719	320.9507678	10
1358	38.95518259	-77.14990841	323.3643069	10
1359	38.9552319	-77.15000809	327.9640126	10
1360	38.95528554	-77.15009709	332.8222367	10
1361	38.9553483	-77.15017507	338.9731375	10
1362	38.95541888	-77.15025954	339.6862868	10
1363	38.95548729	-77.1503265	343.1565159	10
1364	38.95556612	-77.15039318	345.3455325	10
1365	38.95563971	-77.15045763	344.8514213	10
1366	38.95570875	-77.15051728	345.0511145	10
1367	38.95576343	-77.15061599	330.8437681	10
1368	38.95580156	-77.15072083	319.6505158	10
1369	38.95582808	-77.15083422	307.1376413	10
1370	38.95583394	-77.15094992	279.2997658	10
1371	38.95583112	-77.15106404	265.4312259	10
1372	38.95582572	-77.15118035	261.4638607	10
1373	38.95580004	-77.15128331	231.0924677	10
1374	38.95574788	-77.15137939	209.6463101	10
1375	38.95570711	-77.15127873	142.6509228	10
1376	38.95576682	-77.15119553	23.29819372	10
1377	38.95579529	-77.15108436	50.34348745	10
1378	38.95580222	-77.15096323	79.49935699	10
1379	38.9557983	-77.15084579	96.15850165	10
1380	38.95577099	-77.15073534	128.6720869	10
1381	38.95572856	-77.15063406	143.5809396	10
1382	38.95567518	-77.15055041	154.1569259	10
1383	38.95560321	-77.15048023	163.2229605	10
1384	38.95552675	-77.15041763	165.7928921	10
1385	38.95544858	-77.15035164	165.3656472	10
1386	38.95537709	-77.1502833	163.5244256	10
1387	38.95531309	-77.15020029	158.1325671	10
1388	38.95525384	-77.15011047	154.8644887	10
1389	38.95520585	-77.15001322	147.9022905	10
1390	38.95515794	-77.14991701	148.1278003	10
1391	38.95511297	-77.14981828	145.7940229	10
1392	38.95507795	-77.14971353	137.1959765	10
1393	38.95505154	-77.14960111	127.1776475	10
1394	38.95502034	-77.14949277	132.9120479	10
1395	38.95496785	-77.14939688	150.4986161	10
1396	38.95493776	-77.14928879	131.9449872	10
1397	38.95489964	-77.14918458	139.7340654	10
1398	38.95488096	-77.14907244	118.2592443	10
1399	38.954911	-77.14896868	46.93387566	10
1400	38.95491315	-77.14905835	292.5190393	12
1401	38.95492805	-77.14917438	292.5190393	12
1402	38.95496458	-77.14927857	318.5450762	12
1403	38.95499369	-77.14938782	310.7018362	12
1404	38.95503831	-77.14948691	325.4827872	12
1405	38.95507404	-77.14959716	316.3069109	12
1406	38.9551022	-77.14970694	309.638677	12
1407	38.95514046	-77.14980719	320.9507678	12
1408	38.95518259	-77.14990841	323.3643069	12
1409	38.9552319	-77.15000809	327.9640126	12
1410	38.95528554	-77.15009709	332.8222367	12
1411	38.9553483	-77.15017507	338.9731375	12
1412	38.95541888	-77.15025954	339.6862868	12
1413	38.95548729	-77.1503265	343.1565159	12
1414	38.95556612	-77.15039318	345.3455325	12
1415	38.95563971	-77.15045763	344.8514213	12
1416	38.95570875	-77.15051728	345.0511145	12
1417	38.95576343	-77.15061599	330.8437681	12
1418	38.95580156	-77.15072083	319.6505158	12
1419	38.95582808	-77.15083422	307.1376413	12
1420	38.95583394	-77.15094992	279.2997658	12
1421	38.95583112	-77.15106404	265.4312259	12
1422	38.95582572	-77.15118035	261.4638607	12
1423	38.95580004	-77.15128331	231.0924677	12
1424	38.95574788	-77.15137939	209.6463101	12
1425	38.95570711	-77.15127873	142.6509228	12
1426	38.95576682	-77.15119553	23.29819372	12
1427	38.95579529	-77.15108436	50.34348745	12
1428	38.95580222	-77.15096323	79.49935699	12
1429	38.9557983	-77.15084579	96.15850165	12
1430	38.95577099	-77.15073534	128.6720869	12
1431	38.95572856	-77.15063406	143.5809396	12
1432	38.95567518	-77.15055041	154.1569259	12
1433	38.95560321	-77.15048023	163.2229605	12
1434	38.95552675	-77.15041763	165.7928921	12
1435	38.95544858	-77.15035164	165.3656472	12
1436	38.95537709	-77.1502833	163.5244256	12
1437	38.95531309	-77.15020029	158.1325671	12
1438	38.95525384	-77.15011047	154.8644887	12
1439	38.95520585	-77.15001322	147.9022905	12
1440	38.95515794	-77.14991701	148.1278003	12
1441	38.95511297	-77.14981828	145.7940229	12
1442	38.95507795	-77.14971353	137.1959765	12
1443	38.95505154	-77.14960111	127.1776475	12
1444	38.95502034	-77.14949277	132.9120479	12
1445	38.95496785	-77.14939688	150.4986161	12
1446	38.95493776	-77.14928879	131.9449872	12
1447	38.95489964	-77.14918458	139.7340654	12
1448	38.95488096	-77.14907244	118.2592443	12
1449	38.954911	-77.14896868	46.93387566	12
1450	38.95491315	-77.14905835	292.5190393	10
1451	38.95492805	-77.14917438	292.5190393	10
1452	38.95496458	-77.14927857	318.5450762	10
1453	38.95499369	-77.14938782	310.7018362	10
1454	38.95503831	-77.14948691	325.4827872	10
1455	38.95507404	-77.14959716	316.3069109	10
1456	38.9551022	-77.14970694	309.638677	10
1457	38.95514046	-77.14980719	320.9507678	10
1458	38.95518259	-77.14990841	323.3643069	10
1459	38.9552319	-77.15000809	327.9640126	10
1460	38.95528554	-77.15009709	332.8222367	10
1461	38.9553483	-77.15017507	338.9731375	10
1462	38.95541888	-77.15025954	339.6862868	10
1463	38.95548729	-77.1503265	343.1565159	10
1464	38.95556612	-77.15039318	345.3455325	10
1465	38.95563971	-77.15045763	344.8514213	10
1466	38.95570875	-77.15051728	345.0511145	10
1467	38.95576343	-77.15061599	330.8437681	10
1468	38.95580156	-77.15072083	319.6505158	10
1469	38.95582808	-77.15083422	307.1376413	10
1470	38.95583394	-77.15094992	279.2997658	10
1471	38.95583112	-77.15106404	265.4312259	10
1472	38.95582572	-77.15118035	261.4638607	10
1473	38.95580004	-77.15128331	231.0924677	10
1474	38.95574788	-77.15137939	209.6463101	10
1475	38.95570711	-77.15127873	142.6509228	10
1476	38.95576682	-77.15119553	23.29819372	10
1477	38.95579529	-77.15108436	50.34348745	10
1478	38.95580222	-77.15096323	79.49935699	10
1479	38.9557983	-77.15084579	96.15850165	10
1480	38.95577099	-77.15073534	128.6720869	10
1481	38.95572856	-77.15063406	143.5809396	10
1482	38.95567518	-77.15055041	154.1569259	10
1483	38.95560321	-77.15048023	163.2229605	10
1484	38.95552675	-77.15041763	165.7928921	10
1485	38.95544858	-77.15035164	165.3656472	10
1486	38.95537709	-77.1502833	163.5244256	10
1487	38.95531309	-77.15020029	158.1325671	10
1488	38.95525384	-77.15011047	154.8644887	10
1489	38.95520585	-77.15001322	147.9022905	10
1490	38.95515794	-77.14991701	148.1278003	10
1491	38.95511297	-77.14981828	145.7940229	10
1492	38.95507795	-77.14971353	137.1959765	10
1493	38.95505154	-77.14960111	127.1776475	10
1494	38.95502034	-77.14949277	132.9120479	10
1495	38.95496785	-77.14939688	150.4986161	10
1496	38.95493776	-77.14928879	131.9449872	10
1497	38.95489964	-77.14918458	139.7340654	10
1498	38.95488096	-77.14907244	118.2592443	10
1499	38.954911	-77.14896868	46.93387566	10
1500	38.95491315	-77.14905835	292.5190393	12
1501	38.95492805	-77.14917438	292.5190393	12
1502	38.95496458	-77.14927857	318.5450762	12
1503	38.95499369	-77.14938782	310.7018362	12
1504	38.95503831	-77.14948691	325.4827872	12
1505	38.95507404	-77.14959716	316.3069109	12
1506	38.9551022	-77.14970694	309.638677	12
1507	38.95514046	-77.14980719	320.9507678	12
1508	38.95518259	-77.14990841	323.3643069	12
1509	38.9552319	-77.15000809	327.9640126	12
1510	38.95528554	-77.15009709	332.8222367	12
1511	38.9553483	-77.15017507	338.9731375	12
1512	38.95541888	-77.15025954	339.6862868	12
1513	38.95548729	-77.1503265	343.1565159	12
1514	38.95556612	-77.15039318	345.3455325	12
1515	38.95563971	-77.15045763	344.8514213	12
1516	38.95570875	-77.15051728	345.0511145	12
1517	38.95576343	-77.15061599	330.8437681	12
1518	38.95580156	-77.15072083	319.6505158	12
1519	38.95582808	-77.15083422	307.1376413	12
1520	38.95583394	-77.15094992	279.2997658	12
1521	38.95583112	-77.15106404	265.4312259	12
1522	38.95582572	-77.15118035	261.4638607	12
1523	38.95580004	-77.15128331	231.0924677	12
1524	38.95574788	-77.15137939	209.6463101	12
1525	38.95570711	-77.15127873	142.6509228	12
1526	38.95576682	-77.15119553	23.29819372	12
1527	38.95579529	-77.15108436	50.34348745	12
1528	38.95580222	-77.15096323	79.49935699	12
1529	38.9557983	-77.15084579	96.15850165	12
1530	38.95577099	-77.15073534	128.6720869	12
1531	38.95572856	-77.15063406	143.5809396	12
1532	38.95567518	-77.15055041	154.1569259	12
1533	38.95560321	-77.15048023	163.2229605	12
1534	38.95552675	-77.15041763	165.7928921	12
1535	38.95544858	-77.15035164	165.3656472	12
1536	38.95537709	-77.1502833	163.5244256	12
1537	38.95531309	-77.15020029	158.1325671	12
1538	38.95525384	-77.15011047	154.8644887	12
1539	38.95520585	-77.15001322	147.9022905	12
1540	38.95515794	-77.14991701	148.1278003	12
1541	38.95511297	-77.14981828	145.7940229	12
1542	38.95507795	-77.14971353	137.1959765	12
1543	38.95505154	-77.14960111	127.1776475	12
1544	38.95502034	-77.14949277	132.9120479	12
1545	38.95496785	-77.14939688	150.4986161	12
1546	38.95493776	-77.14928879	131.9449872	12
1547	38.95489964	-77.14918458	139.7340654	12
1548	38.95488096	-77.14907244	118.2592443	12
1549	38.954911	-77.14896868	46.93387566	12
1550	38.95491315	-77.14905835	292.5190393	10
1551	38.95492805	-77.14917438	292.5190393	10
1552	38.95496458	-77.14927857	318.5450762	10
1553	38.95499369	-77.14938782	310.7018362	10
1554	38.95503831	-77.14948691	325.4827872	10
1555	38.95507404	-77.14959716	316.3069109	10
1556	38.9551022	-77.14970694	309.638677	10
1557	38.95514046	-77.14980719	320.9507678	10
1558	38.95518259	-77.14990841	323.3643069	10
1559	38.9552319	-77.15000809	327.9640126	10
1560	38.95528554	-77.15009709	332.8222367	10
1561	38.9553483	-77.15017507	338.9731375	10
1562	38.95541888	-77.15025954	339.6862868	10
1563	38.95548729	-77.1503265	343.1565159	10
1564	38.95556612	-77.15039318	345.3455325	10
1565	38.95563971	-77.15045763	344.8514213	10
1566	38.95570875	-77.15051728	345.0511145	10
1567	38.95576343	-77.15061599	330.8437681	10
1568	38.95580156	-77.15072083	319.6505158	10
1569	38.95582808	-77.15083422	307.1376413	10
1570	38.95583394	-77.15094992	279.2997658	10
1571	38.95583112	-77.15106404	265.4312259	10
1572	38.95582572	-77.15118035	261.4638607	10
1573	38.95580004	-77.15128331	231.0924677	10
1574	38.95574788	-77.15137939	209.6463101	10
1575	38.95570711	-77.15127873	142.6509228	10
1576	38.95576682	-77.15119553	23.29819372	10
1577	38.95579529	-77.15108436	50.34348745	10
1578	38.95580222	-77.15096323	79.49935699	10
1579	38.9557983	-77.15084579	96.15850165	10
1580	38.95577099	-77.15073534	128.6720869	10
1581	38.95572856	-77.15063406	143.5809396	10
1582	38.95567518	-77.15055041	154.1569259	10
1583	38.95560321	-77.15048023	163.2229605	10
1584	38.95552675	-77.15041763	165.7928921	10
1585	38.95544858	-77.15035164	165.3656472	10
1586	38.95537709	-77.1502833	163.5244256	10
1587	38.95531309	-77.15020029	158.1325671	10
1588	38.95525384	-77.15011047	154.8644887	10
1589	38.95520585	-77.15001322	147.9022905	10
1590	38.95515794	-77.14991701	148.1278003	10
1591	38.95511297	-77.14981828	145.7940229	10
1592	38.95507795	-77.14971353	137.1959765	10
1593	38.95505154	-77.14960111	127.1776475	10
1594	38.95502034	-77.14949277	132.9120479	10
1595	38.95496785	-77.14939688	150.4986161	10
1596	38.95493776	-77.14928879	131.9449872	10
1597	38.95489964	-77.14918458	139.7340654	10
1598	38.95488096	-77.14907244	118.2592443	10
1599	38.954911	-77.14896868	46.93387566	10
1600	38.95491315	-77.14905835	292.5190393	12
1601	38.95492805	-77.14917438	292.5190393	12
1602	38.95496458	-77.14927857	318.5450762	12
1603	38.95499369	-77.14938782	310.7018362	12
1604	38.95503831	-77.14948691	325.4827872	12
1605	38.95507404	-77.14959716	316.3069109	12
1606	38.9551022	-77.14970694	309.638677	12
1607	38.95514046	-77.14980719	320.9507678	12
1608	38.95518259	-77.14990841	323.3643069	12
1609	38.9552319	-77.15000809	327.9640126	12
1610	38.95528554	-77.15009709	332.8222367	12
1611	38.9553483	-77.15017507	338.9731375	12
1612	38.95541888	-77.15025954	339.6862868	12
1613	38.95548729	-77.1503265	343.1565159	12
1614	38.95556612	-77.15039318	345.3455325	12
1615	38.95563971	-77.15045763	344.8514213	12
1616	38.95570875	-77.15051728	345.0511145	12
1617	38.95576343	-77.15061599	330.8437681	12
1618	38.95580156	-77.15072083	319.6505158	12
1619	38.95582808	-77.15083422	307.1376413	12
1620	38.95583394	-77.15094992	279.2997658	12
1621	38.95583112	-77.15106404	265.4312259	12
1622	38.95582572	-77.15118035	261.4638607	12
1623	38.95580004	-77.15128331	231.0924677	12
1624	38.95574788	-77.15137939	209.6463101	12
1625	38.95570711	-77.15127873	142.6509228	12
1626	38.95576682	-77.15119553	23.29819372	12
1627	38.95579529	-77.15108436	50.34348745	12
1628	38.95580222	-77.15096323	79.49935699	12
1629	38.9557983	-77.15084579	96.15850165	12
1630	38.95577099	-77.15073534	128.6720869	12
1631	38.95572856	-77.15063406	143.5809396	12
1632	38.95567518	-77.15055041	154.1569259	12
1633	38.95560321	-77.15048023	163.2229605	12
1634	38.95552675	-77.15041763	165.7928921	12
1635	38.95544858	-77.15035164	165.3656472	12
1636	38.95537709	-77.1502833	163.5244256	12
1637	38.95531309	-77.15020029	158.1325671	12
1638	38.95525384	-77.15011047	154.8644887	12
1639	38.95520585	-77.15001322	147.9022905	12
1640	38.95515794	-77.14991701	148.1278003	12
1641	38.95511297	-77.14981828	145.7940229	12
1642	38.95507795	-77.14971353	137.1959765	12
1643	38.95505154	-77.14960111	127.1776475	12
1644	38.95502034	-77.14949277	132.9120479	12
1645	38.95496785	-77.14939688	150.4986161	12
1646	38.95493776	-77.14928879	131.9449872	12
1647	38.95489964	-77.14918458	139.7340654	12
1648	38.95488096	-77.14907244	118.2592443	12
1649	38.954911	-77.14896868	46.93387566	12
1650	38.95491315	-77.14905835	292.5190393	10
1651	38.95492805	-77.14917438	292.5190393	10
1652	38.95496458	-77.14927857	318.5450762	10
1653	38.95499369	-77.14938782	310.7018362	10
1654	38.95503831	-77.14948691	325.4827872	10
1655	38.95507404	-77.14959716	316.3069109	10
1656	38.9551022	-77.14970694	309.638677	10
1657	38.95514046	-77.14980719	320.9507678	10
1658	38.95518259	-77.14990841	323.3643069	10
1659	38.9552319	-77.15000809	327.9640126	10
1660	38.95528554	-77.15009709	332.8222367	10
1661	38.9553483	-77.15017507	338.9731375	10
1662	38.95541888	-77.15025954	339.6862868	10
1663	38.95548729	-77.1503265	343.1565159	10
1664	38.95556612	-77.15039318	345.3455325	10
1665	38.95563971	-77.15045763	344.8514213	10
1666	38.95570875	-77.15051728	345.0511145	10
1667	38.95576343	-77.15061599	330.8437681	10
1668	38.95580156	-77.15072083	319.6505158	10
1669	38.95582808	-77.15083422	307.1376413	10
1670	38.95583394	-77.15094992	279.2997658	10
1671	38.95583112	-77.15106404	265.4312259	10
1672	38.95582572	-77.15118035	261.4638607	10
1673	38.95580004	-77.15128331	231.0924677	10
1674	38.95574788	-77.15137939	209.6463101	10
1675	38.95570711	-77.15127873	142.6509228	10
1676	38.95576682	-77.15119553	23.29819372	10
1677	38.95579529	-77.15108436	50.34348745	10
1678	38.95580222	-77.15096323	79.49935699	10
1679	38.9557983	-77.15084579	96.15850165	10
1680	38.95577099	-77.15073534	128.6720869	10
1681	38.95572856	-77.15063406	143.5809396	10
1682	38.95567518	-77.15055041	154.1569259	10
1683	38.95560321	-77.15048023	163.2229605	10
1684	38.95552675	-77.15041763	165.7928921	10
1685	38.95544858	-77.15035164	165.3656472	10
1686	38.95537709	-77.1502833	163.5244256	10
1687	38.95531309	-77.15020029	158.1325671	10
1688	38.95525384	-77.15011047	154.8644887	10
1689	38.95520585	-77.15001322	147.9022905	10
1690	38.95515794	-77.14991701	148.1278003	10
1691	38.95511297	-77.14981828	145.7940229	10
1692	38.95507795	-77.14971353	137.1959765	10
1693	38.95505154	-77.14960111	127.1776475	10
1694	38.95502034	-77.14949277	132.9120479	10
1695	38.95496785	-77.14939688	150.4986161	10
1696	38.95493776	-77.14928879	131.9449872	10
1697	38.95489964	-77.14918458	139.7340654	10
1698	38.95488096	-77.14907244	118.2592443	10
1699	38.954911	-77.14896868	46.93387566	10
1700	38.95491315	-77.14905835	292.5190393	12
1701	38.95492805	-77.14917438	292.5190393	12
1702	38.95496458	-77.14927857	318.5450762	12
1703	38.95499369	-77.14938782	310.7018362	12
1704	38.95503831	-77.14948691	325.4827872	12
1705	38.95507404	-77.14959716	316.3069109	12
1706	38.9551022	-77.14970694	309.638677	12
1707	38.95514046	-77.14980719	320.9507678	12
1708	38.95518259	-77.14990841	323.3643069	12
1709	38.9552319	-77.15000809	327.9640126	12
1710	38.95528554	-77.15009709	332.8222367	12
1711	38.9553483	-77.15017507	338.9731375	12
1712	38.95541888	-77.15025954	339.6862868	12
1713	38.95548729	-77.1503265	343.1565159	12
1714	38.95556612	-77.15039318	345.3455325	12
1715	38.95563971	-77.15045763	344.8514213	12
1716	38.95570875	-77.15051728	345.0511145	12
1717	38.95576343	-77.15061599	330.8437681	12
1718	38.95580156	-77.15072083	319.6505158	12
1719	38.95582808	-77.15083422	307.1376413	12
1720	38.95583394	-77.15094992	279.2997658	12
1721	38.95583112	-77.15106404	265.4312259	12
1722	38.95582572	-77.15118035	261.4638607	12
1723	38.95580004	-77.15128331	231.0924677	12
1724	38.95574788	-77.15137939	209.6463101	12
1725	38.95570711	-77.15127873	142.6509228	12
1726	38.95576682	-77.15119553	23.29819372	12
1727	38.95579529	-77.15108436	50.34348745	12
1728	38.95580222	-77.15096323	79.49935699	12
1729	38.9557983	-77.15084579	96.15850165	12
1730	38.95577099	-77.15073534	128.6720869	12
1731	38.95572856	-77.15063406	143.5809396	12
1732	38.95567518	-77.15055041	154.1569259	12
1733	38.95560321	-77.15048023	163.2229605	12
1734	38.95552675	-77.15041763	165.7928921	12
1735	38.95544858	-77.15035164	165.3656472	12
1736	38.95537709	-77.1502833	163.5244256	12
1737	38.95531309	-77.15020029	158.1325671	12
1738	38.95525384	-77.15011047	154.8644887	12
1739	38.95520585	-77.15001322	147.9022905	12
1740	38.95515794	-77.14991701	148.1278003	12
1741	38.95511297	-77.14981828	145.7940229	12
1742	38.95507795	-77.14971353	137.1959765	12
1743	38.95505154	-77.14960111	127.1776475	12
1744	38.95502034	-77.14949277	132.9120479	12
1745	38.95496785	-77.14939688	150.4986161	12
1746	38.95493776	-77.14928879	131.9449872	12
1747	38.95489964	-77.14918458	139.7340654	12
1748	38.95488096	-77.14907244	118.2592443	12
1749	38.954911	-77.14896868	46.93387566	12
1750	38.95491315	-77.14905835	292.5190393	10
1751	38.95492805	-77.14917438	292.5190393	10
1752	38.95496458	-77.14927857	318.5450762	10
1753	38.95499369	-77.14938782	310.7018362	10
1754	38.95503831	-77.14948691	325.4827872	10
1755	38.95507404	-77.14959716	316.3069109	10
1756	38.9551022	-77.14970694	309.638677	10
1757	38.95514046	-77.14980719	320.9507678	10
1758	38.95518259	-77.14990841	323.3643069	10
1759	38.9552319	-77.15000809	327.9640126	10
1760	38.95528554	-77.15009709	332.8222367	10
1761	38.9553483	-77.15017507	338.9731375	10
1762	38.95541888	-77.15025954	339.6862868	10
1763	38.95548729	-77.1503265	343.1565159	10
1764	38.95556612	-77.15039318	345.3455325	10
1765	38.95563971	-77.15045763	344.8514213	10
1766	38.95570875	-77.15051728	345.0511145	10
1767	38.95576343	-77.15061599	330.8437681	10
1768	38.95580156	-77.15072083	319.6505158	10
1769	38.95582808	-77.15083422	307.1376413	10
1770	38.95583394	-77.15094992	279.2997658	10
1771	38.95583112	-77.15106404	265.4312259	10
1772	38.95582572	-77.15118035	261.4638607	10
1773	38.95580004	-77.15128331	231.0924677	10
1774	38.95574788	-77.15137939	209.6463101	10
1775	38.95570711	-77.15127873	142.6509228	10
1776	38.95576682	-77.15119553	23.29819372	10
1777	38.95579529	-77.15108436	50.34348745	10
1778	38.95580222	-77.15096323	79.49935699	10
1779	38.9557983	-77.15084579	96.15850165	10
1780	38.95577099	-77.15073534	128.6720869	10
1781	38.95572856	-77.15063406	143.5809396	10
1782	38.95567518	-77.15055041	154.1569259	10
1783	38.95560321	-77.15048023	163.2229605	10
1784	38.95552675	-77.15041763	165.7928921	10
1785	38.95544858	-77.15035164	165.3656472	10
1786	38.95537709	-77.1502833	163.5244256	10
1787	38.95531309	-77.15020029	158.1325671	10
1788	38.95525384	-77.15011047	154.8644887	10
1789	38.95520585	-77.15001322	147.9022905	10
1790	38.95515794	-77.14991701	148.1278003	10
1791	38.95511297	-77.14981828	145.7940229	10
1792	38.95507795	-77.14971353	137.1959765	10
1793	38.95505154	-77.14960111	127.1776475	10
1794	38.95502034	-77.14949277	132.9120479	10
1795	38.95496785	-77.14939688	150.4986161	10
1796	38.95493776	-77.14928879	131.9449872	10
1797	38.95489964	-77.14918458	139.7340654	10
1798	38.95488096	-77.14907244	118.2592443	10
1799	38.954911	-77.14896868	46.93387566	10
1800	38.95491315	-77.14905835	292.5190393	12
1801	38.95492805	-77.14917438	292.5190393	12
1802	38.95496458	-77.14927857	318.5450762	12
1803	38.95499369	-77.14938782	310.7018362	12
1804	38.95503831	-77.14948691	325.4827872	12
1805	38.95507404	-77.14959716	316.3069109	12
1806	38.9551022	-77.14970694	309.638677	12
1807	38.95514046	-77.14980719	320.9507678	12
1808	38.95518259	-77.14990841	323.3643069	12
1809	38.9552319	-77.15000809	327.9640126	12
1810	38.95528554	-77.15009709	332.8222367	12
1811	38.9553483	-77.15017507	338.9731375	12
1812	38.95541888	-77.15025954	339.6862868	12
1813	38.95548729	-77.1503265	343.1565159	12
1814	38.95556612	-77.15039318	345.3455325	12
1815	38.95563971	-77.15045763	344.8514213	12
1816	38.95570875	-77.15051728	345.0511145	12
1817	38.95576343	-77.15061599	330.8437681	12
1818	38.95580156	-77.15072083	319.6505158	12
1819	38.95582808	-77.15083422	307.1376413	12
1820	38.95583394	-77.15094992	279.2997658	12
1821	38.95583112	-77.15106404	265.4312259	12
1822	38.95582572	-77.15118035	261.4638607	12
1823	38.95580004	-77.15128331	231.0924677	12
1824	38.95574788	-77.15137939	209.6463101	12
1825	38.95570711	-77.15127873	142.6509228	12
1826	38.95576682	-77.15119553	23.29819372	12
1827	38.95579529	-77.15108436	50.34348745	12
1828	38.95580222	-77.15096323	79.49935699	12
1829	38.9557983	-77.15084579	96.15850165	12
1830	38.95577099	-77.15073534	128.6720869	12
1831	38.95572856	-77.15063406	143.5809396	12
1832	38.95567518	-77.15055041	154.1569259	12
1833	38.95560321	-77.15048023	163.2229605	12
1834	38.95552675	-77.15041763	165.7928921	12
1835	38.95544858	-77.15035164	165.3656472	12
1836	38.95537709	-77.1502833	163.5244256	12
1837	38.95531309	-77.15020029	158.1325671	12
1838	38.95525384	-77.15011047	154.8644887	12
1839	38.95520585	-77.15001322	147.9022905	12
1840	38.95515794	-77.14991701	148.1278003	12
1841	38.95511297	-77.14981828	145.7940229	12
1842	38.95507795	-77.14971353	137.1959765	12
1843	38.95505154	-77.14960111	127.1776475	12
1844	38.95502034	-77.14949277	132.9120479	12
1845	38.95496785	-77.14939688	150.4986161	12
1846	38.95493776	-77.14928879	131.9449872	12
1847	38.95489964	-77.14918458	139.7340654	12
1848	38.95488096	-77.14907244	118.2592443	12
1849	38.954911	-77.14896868	46.93387566	12
1850	38.95491315	-77.14905835	292.5190393	10
1851	38.95492805	-77.14917438	292.5190393	10
1852	38.95496458	-77.14927857	318.5450762	10
1853	38.95499369	-77.14938782	310.7018362	10
1854	38.95503831	-77.14948691	325.4827872	10
1855	38.95507404	-77.14959716	316.3069109	10
1856	38.9551022	-77.14970694	309.638677	10
1857	38.95514046	-77.14980719	320.9507678	10
1858	38.95518259	-77.14990841	323.3643069	10
1859	38.9552319	-77.15000809	327.9640126	10
1860	38.95528554	-77.15009709	332.8222367	10
1861	38.9553483	-77.15017507	338.9731375	10
1862	38.95541888	-77.15025954	339.6862868	10
1863	38.95548729	-77.1503265	343.1565159	10
1864	38.95556612	-77.15039318	345.3455325	10
1865	38.95563971	-77.15045763	344.8514213	10
1866	38.95570875	-77.15051728	345.0511145	10
1867	38.95576343	-77.15061599	330.8437681	10
1868	38.95580156	-77.15072083	319.6505158	10
1869	38.95582808	-77.15083422	307.1376413	10
1870	38.95583394	-77.15094992	279.2997658	10
1871	38.95583112	-77.15106404	265.4312259	10
1872	38.95582572	-77.15118035	261.4638607	10
1873	38.95580004	-77.15128331	231.0924677	10
1874	38.95574788	-77.15137939	209.6463101	10
1875	38.95570711	-77.15127873	142.6509228	10
1876	38.95576682	-77.15119553	23.29819372	10
1877	38.95579529	-77.15108436	50.34348745	10
1878	38.95580222	-77.15096323	79.49935699	10
1879	38.9557983	-77.15084579	96.15850165	10
1880	38.95577099	-77.15073534	128.6720869	10
1881	38.95572856	-77.15063406	143.5809396	10
1882	38.95567518	-77.15055041	154.1569259	10
1883	38.95560321	-77.15048023	163.2229605	10
1884	38.95552675	-77.15041763	165.7928921	10
1885	38.95544858	-77.15035164	165.3656472	10
1886	38.95537709	-77.1502833	163.5244256	10
1887	38.95531309	-77.15020029	158.1325671	10
1888	38.95525384	-77.15011047	154.8644887	10
1889	38.95520585	-77.15001322	147.9022905	10
1890	38.95515794	-77.14991701	148.1278003	10
1891	38.95511297	-77.14981828	145.7940229	10
1892	38.95507795	-77.14971353	137.1959765	10
1893	38.95505154	-77.14960111	127.1776475	10
1894	38.95502034	-77.14949277	132.9120479	10
1895	38.95496785	-77.14939688	150.4986161	10
1896	38.95493776	-77.14928879	131.9449872	10
1897	38.95489964	-77.14918458	139.7340654	10
1898	38.95488096	-77.14907244	118.2592443	10
1899	38.954911	-77.14896868	46.93387566	10
